1000
1000 2 -1
999 3 -1
998 4 -1
997 5 -1
996 6 -1
995 7 -1
994 8 -1
993 9 -1
992 10 -1
991 11 -1
990 12 -1
989 13 -1
988 14 -1
987 15 -1
986 16 -1
985 17 -1
984 18 -1
983 19 -1
982 20 -1
981 21 -1
980 22 -1
979 23 -1
978 24 -1
977 25 -1
976 26 -1
975 27 -1
974 28 -1
973 29 -1
972 30 -1
971 31 -1
970 32 -1
969 33 -1
968 34 -1
967 35 -1
966 36 -1
965 37 -1
964 38 -1
963 39 -1
962 40 -1
961 41 -1
960 42 -1
959 43 -1
958 44 -1
957 45 -1
956 46 -1
955 47 -1
954 48 -1
953 49 -1
952 50 -1
951 51 -1
950 52 -1
949 53 -1
948 54 -1
947 55 -1
946 56 -1
945 57 -1
944 58 -1
943 59 -1
942 60 -1
941 61 -1
940 62 -1
939 63 -1
938 64 -1
937 65 -1
936 66 -1
935 67 -1
934 68 -1
933 69 -1
932 70 -1
931 71 -1
930 72 -1
929 73 -1
928 74 -1
927 75 -1
926 76 -1
925 77 -1
924 78 -1
923 79 -1
922 80 -1
921 81 -1
920 82 -1
919 83 -1
918 84 -1
917 85 -1
916 86 -1
915 87 -1
914 88 -1
913 89 -1
912 90 -1
911 91 -1
910 92 -1
909 93 -1
908 94 -1
907 95 -1
906 96 -1
905 97 -1
904 98 -1
903 99 -1
902 100 -1
901 101 -1
900 102 -1
899 103 -1
898 104 -1
897 105 -1
896 106 -1
895 107 -1
894 108 -1
893 109 -1
892 110 -1
891 111 -1
890 112 -1
889 113 -1
888 114 -1
887 115 -1
886 116 -1
885 117 -1
884 118 -1
883 119 -1
882 120 -1
881 121 -1
880 122 -1
879 123 -1
878 124 -1
877 125 -1
876 126 -1
875 127 -1
874 128 -1
873 129 -1
872 130 -1
871 131 -1
870 132 -1
869 133 -1
868 134 -1
867 135 -1
866 136 -1
865 137 -1
864 138 -1
863 139 -1
862 140 -1
861 141 -1
860 142 -1
859 143 -1
858 144 -1
857 145 -1
856 146 -1
855 147 -1
854 148 -1
853 149 -1
852 150 -1
851 151 -1
850 152 -1
849 153 -1
848 154 -1
847 155 -1
846 156 -1
845 157 -1
844 158 -1
843 159 -1
842 160 -1
841 161 -1
840 162 -1
839 163 -1
838 164 -1
837 165 -1
836 166 -1
835 167 -1
834 168 -1
833 169 -1
832 170 -1
831 171 -1
830 172 -1
829 173 -1
828 174 -1
827 175 -1
826 176 -1
825 177 -1
824 178 -1
823 179 -1
822 180 -1
821 181 -1
820 182 -1
819 183 -1
818 184 -1
817 185 -1
816 186 -1
815 187 -1
814 188 -1
813 189 -1
812 190 -1
811 191 -1
810 192 -1
809 193 -1
808 194 -1
807 195 -1
806 196 -1
805 197 -1
804 198 -1
803 199 -1
802 200 -1
801 201 -1
800 202 -1
799 203 -1
798 204 -1
797 205 -1
796 206 -1
795 207 -1
794 208 -1
793 209 -1
792 210 -1
791 211 -1
790 212 -1
789 213 -1
788 214 -1
787 215 -1
786 216 -1
785 217 -1
784 218 -1
783 219 -1
782 220 -1
781 221 -1
780 222 -1
779 223 -1
778 224 -1
777 225 -1
776 226 -1
775 227 -1
774 228 -1
773 229 -1
772 230 -1
771 231 -1
770 232 -1
769 233 -1
768 234 -1
767 235 -1
766 236 -1
765 237 -1
764 238 -1
763 239 -1
762 240 -1
761 241 -1
760 242 -1
759 243 -1
758 244 -1
757 245 -1
756 246 -1
755 247 -1
754 248 -1
753 249 -1
752 250 -1
751 251 -1
750 252 -1
749 253 -1
748 254 -1
747 255 -1
746 256 -1
745 257 -1
744 258 -1
743 259 -1
742 260 -1
741 261 -1
740 262 -1
739 263 -1
738 264 -1
737 265 -1
736 266 -1
735 267 -1
734 268 -1
733 269 -1
732 270 -1
731 271 -1
730 272 -1
729 273 -1
728 274 -1
727 275 -1
726 276 -1
725 277 -1
724 278 -1
723 279 -1
722 280 -1
721 281 -1
720 282 -1
719 283 -1
718 284 -1
717 285 -1
716 286 -1
715 287 -1
714 288 -1
713 289 -1
712 290 -1
711 291 -1
710 292 -1
709 293 -1
708 294 -1
707 295 -1
706 296 -1
705 297 -1
704 298 -1
703 299 -1
702 300 -1
701 301 -1
700 302 -1
699 303 -1
698 304 -1
697 305 -1
696 306 -1
695 307 -1
694 308 -1
693 309 -1
692 310 -1
691 311 -1
690 312 -1
689 313 -1
688 314 -1
687 315 -1
686 316 -1
685 317 -1
684 318 -1
683 319 -1
682 320 -1
681 321 -1
680 322 -1
679 323 -1
678 324 -1
677 325 -1
676 326 -1
675 327 -1
674 328 -1
673 329 -1
672 330 -1
671 331 -1
670 332 -1
669 333 -1
668 334 -1
667 335 -1
666 336 -1
665 337 -1
664 338 -1
663 339 -1
662 340 -1
661 341 -1
660 342 -1
659 343 -1
658 344 -1
657 345 -1
656 346 -1
655 347 -1
654 348 -1
653 349 -1
652 350 -1
651 351 -1
650 352 -1
649 353 -1
648 354 -1
647 355 -1
646 356 -1
645 357 -1
644 358 -1
643 359 -1
642 360 -1
641 361 -1
640 362 -1
639 363 -1
638 364 -1
637 365 -1
636 366 -1
635 367 -1
634 368 -1
633 369 -1
632 370 -1
631 371 -1
630 372 -1
629 373 -1
628 374 -1
627 375 -1
626 376 -1
625 377 -1
624 378 -1
623 379 -1
622 380 -1
621 381 -1
620 382 -1
619 383 -1
618 384 -1
617 385 -1
616 386 -1
615 387 -1
614 388 -1
613 389 -1
612 390 -1
611 391 -1
610 392 -1
609 393 -1
608 394 -1
607 395 -1
606 396 -1
605 397 -1
604 398 -1
603 399 -1
602 400 -1
601 401 -1
600 402 -1
599 403 -1
598 404 -1
597 405 -1
596 406 -1
595 407 -1
594 408 -1
593 409 -1
592 410 -1
591 411 -1
590 412 -1
589 413 -1
588 414 -1
587 415 -1
586 416 -1
585 417 -1
584 418 -1
583 419 -1
582 420 -1
581 421 -1
580 422 -1
579 423 -1
578 424 -1
577 425 -1
576 426 -1
575 427 -1
574 428 -1
573 429 -1
572 430 -1
571 431 -1
570 432 -1
569 433 -1
568 434 -1
567 435 -1
566 436 -1
565 437 -1
564 438 -1
563 439 -1
562 440 -1
561 441 -1
560 442 -1
559 443 -1
558 444 -1
557 445 -1
556 446 -1
555 447 -1
554 448 -1
553 449 -1
552 450 -1
551 451 -1
550 452 -1
549 453 -1
548 454 -1
547 455 -1
546 456 -1
545 457 -1
544 458 -1
543 459 -1
542 460 -1
541 461 -1
540 462 -1
539 463 -1
538 464 -1
537 465 -1
536 466 -1
535 467 -1
534 468 -1
533 469 -1
532 470 -1
531 471 -1
530 472 -1
529 473 -1
528 474 -1
527 475 -1
526 476 -1
525 477 -1
524 478 -1
523 479 -1
522 480 -1
521 481 -1
520 482 -1
519 483 -1
518 484 -1
517 485 -1
516 486 -1
515 487 -1
514 488 -1
513 489 -1
512 490 -1
511 491 -1
510 492 -1
509 493 -1
508 494 -1
507 495 -1
506 496 -1
505 497 -1
504 498 -1
503 499 -1
502 500 -1
501 501 -1
500 502 -1
499 503 -1
498 504 -1
497 505 -1
496 506 -1
495 507 -1
494 508 -1
493 509 -1
492 510 -1
491 511 -1
490 512 -1
489 513 -1
488 514 -1
487 515 -1
486 516 -1
485 517 -1
484 518 -1
483 519 -1
482 520 -1
481 521 -1
480 522 -1
479 523 -1
478 524 -1
477 525 -1
476 526 -1
475 527 -1
474 528 -1
473 529 -1
472 530 -1
471 531 -1
470 532 -1
469 533 -1
468 534 -1
467 535 -1
466 536 -1
465 537 -1
464 538 -1
463 539 -1
462 540 -1
461 541 -1
460 542 -1
459 543 -1
458 544 -1
457 545 -1
456 546 -1
455 547 -1
454 548 -1
453 549 -1
452 550 -1
451 551 -1
450 552 -1
449 553 -1
448 554 -1
447 555 -1
446 556 -1
445 557 -1
444 558 -1
443 559 -1
442 560 -1
441 561 -1
440 562 -1
439 563 -1
438 564 -1
437 565 -1
436 566 -1
435 567 -1
434 568 -1
433 569 -1
432 570 -1
431 571 -1
430 572 -1
429 573 -1
428 574 -1
427 575 -1
426 576 -1
425 577 -1
424 578 -1
423 579 -1
422 580 -1
421 581 -1
420 582 -1
419 583 -1
418 584 -1
417 585 -1
416 586 -1
415 587 -1
414 588 -1
413 589 -1
412 590 -1
411 591 -1
410 592 -1
409 593 -1
408 594 -1
407 595 -1
406 596 -1
405 597 -1
404 598 -1
403 599 -1
402 600 -1
401 601 -1
400 602 -1
399 603 -1
398 604 -1
397 605 -1
396 606 -1
395 607 -1
394 608 -1
393 609 -1
392 610 -1
391 611 -1
390 612 -1
389 613 -1
388 614 -1
387 615 -1
386 616 -1
385 617 -1
384 618 -1
383 619 -1
382 620 -1
381 621 -1
380 622 -1
379 623 -1
378 624 -1
377 625 -1
376 626 -1
375 627 -1
374 628 -1
373 629 -1
372 630 -1
371 631 -1
370 632 -1
369 633 -1
368 634 -1
367 635 -1
366 636 -1
365 637 -1
364 638 -1
363 639 -1
362 640 -1
361 641 -1
360 642 -1
359 643 -1
358 644 -1
357 645 -1
356 646 -1
355 647 -1
354 648 -1
353 649 -1
352 650 -1
351 651 -1
350 652 -1
349 653 -1
348 654 -1
347 655 -1
346 656 -1
345 657 -1
344 658 -1
343 659 -1
342 660 -1
341 661 -1
340 662 -1
339 663 -1
338 664 -1
337 665 -1
336 666 -1
335 667 -1
334 668 -1
333 669 -1
332 670 -1
331 671 -1
330 672 -1
329 673 -1
328 674 -1
327 675 -1
326 676 -1
325 677 -1
324 678 -1
323 679 -1
322 680 -1
321 681 -1
320 682 -1
319 683 -1
318 684 -1
317 685 -1
316 686 -1
315 687 -1
314 688 -1
313 689 -1
312 690 -1
311 691 -1
310 692 -1
309 693 -1
308 694 -1
307 695 -1
306 696 -1
305 697 -1
304 698 -1
303 699 -1
302 700 -1
301 701 -1
300 702 -1
299 703 -1
298 704 -1
297 705 -1
296 706 -1
295 707 -1
294 708 -1
293 709 -1
292 710 -1
291 711 -1
290 712 -1
289 713 -1
288 714 -1
287 715 -1
286 716 -1
285 717 -1
284 718 -1
283 719 -1
282 720 -1
281 721 -1
280 722 -1
279 723 -1
278 724 -1
277 725 -1
276 726 -1
275 727 -1
274 728 -1
273 729 -1
272 730 -1
271 731 -1
270 732 -1
269 733 -1
268 734 -1
267 735 -1
266 736 -1
265 737 -1
264 738 -1
263 739 -1
262 740 -1
261 741 -1
260 742 -1
259 743 -1
258 744 -1
257 745 -1
256 746 -1
255 747 -1
254 748 -1
253 749 -1
252 750 -1
251 751 -1
250 752 -1
249 753 -1
248 754 -1
247 755 -1
246 756 -1
245 757 -1
244 758 -1
243 759 -1
242 760 -1
241 761 -1
240 762 -1
239 763 -1
238 764 -1
237 765 -1
236 766 -1
235 767 -1
234 768 -1
233 769 -1
232 770 -1
231 771 -1
230 772 -1
229 773 -1
228 774 -1
227 775 -1
226 776 -1
225 777 -1
224 778 -1
223 779 -1
222 780 -1
221 781 -1
220 782 -1
219 783 -1
218 784 -1
217 785 -1
216 786 -1
215 787 -1
214 788 -1
213 789 -1
212 790 -1
211 791 -1
210 792 -1
209 793 -1
208 794 -1
207 795 -1
206 796 -1
205 797 -1
204 798 -1
203 799 -1
202 800 -1
201 801 -1
200 802 -1
199 803 -1
198 804 -1
197 805 -1
196 806 -1
195 807 -1
194 808 -1
193 809 -1
192 810 -1
191 811 -1
190 812 -1
189 813 -1
188 814 -1
187 815 -1
186 816 -1
185 817 -1
184 818 -1
183 819 -1
182 820 -1
181 821 -1
180 822 -1
179 823 -1
178 824 -1
177 825 -1
176 826 -1
175 827 -1
174 828 -1
173 829 -1
172 830 -1
171 831 -1
170 832 -1
169 833 -1
168 834 -1
167 835 -1
166 836 -1
165 837 -1
164 838 -1
163 839 -1
162 840 -1
161 841 -1
160 842 -1
159 843 -1
158 844 -1
157 845 -1
156 846 -1
155 847 -1
154 848 -1
153 849 -1
152 850 -1
151 851 -1
150 852 -1
149 853 -1
148 854 -1
147 855 -1
146 856 -1
145 857 -1
144 858 -1
143 859 -1
142 860 -1
141 861 -1
140 862 -1
139 863 -1
138 864 -1
137 865 -1
136 866 -1
135 867 -1
134 868 -1
133 869 -1
132 870 -1
131 871 -1
130 872 -1
129 873 -1
128 874 -1
127 875 -1
126 876 -1
125 877 -1
124 878 -1
123 879 -1
122 880 -1
121 881 -1
120 882 -1
119 883 -1
118 884 -1
117 885 -1
116 886 -1
115 887 -1
114 888 -1
113 889 -1
112 890 -1
111 891 -1
110 892 -1
109 893 -1
108 894 -1
107 895 -1
106 896 -1
105 897 -1
104 898 -1
103 899 -1
102 900 -1
101 901 -1
100 902 -1
99 903 -1
98 904 -1
97 905 -1
96 906 -1
95 907 -1
94 908 -1
93 909 -1
92 910 -1
91 911 -1
90 912 -1
89 913 -1
88 914 -1
87 915 -1
86 916 -1
85 917 -1
84 918 -1
83 919 -1
82 920 -1
81 921 -1
80 922 -1
79 923 -1
78 924 -1
77 925 -1
76 926 -1
75 927 -1
74 928 -1
73 929 -1
72 930 -1
71 931 -1
70 932 -1
69 933 -1
68 934 -1
67 935 -1
66 936 -1
65 937 -1
64 938 -1
63 939 -1
62 940 -1
61 941 -1
60 942 -1
59 943 -1
58 944 -1
57 945 -1
56 946 -1
55 947 -1
54 948 -1
53 949 -1
52 950 -1
51 951 -1
50 952 -1
49 953 -1
48 954 -1
47 955 -1
46 956 -1
45 957 -1
44 958 -1
43 959 -1
42 960 -1
41 961 -1
40 962 -1
39 963 -1
38 964 -1
37 965 -1
36 966 -1
35 967 -1
34 968 -1
33 969 -1
32 970 -1
31 971 -1
30 972 -1
29 973 -1
28 974 -1
27 975 -1
26 976 -1
25 977 -1
24 978 -1
23 979 -1
22 980 -1
21 981 -1
20 982 -1
19 983 -1
18 984 -1
17 985 -1
16 986 -1
15 987 -1
14 988 -1
13 989 -1
12 990 -1
11 991 -1
10 992 -1
9 993 -1
8 994 -1
7 995 -1
6 996 -1
5 997 -1
4 998 -1
3 999 -1
2 1000 -1
1 1001 -1
