100
3 43 69 71
3 25 74 39
1 21
4 38 67 74 11
2 99 31
2 90 88
1 35
0
2 95 96
0
2 40 4
2 58 91
1 87
3 36 30 98
3 70 60 19
1 48
1 25
2 77 58
5 80 20 69 50 15
1 19
1 3
2 59 31
1 33
1 75
4 2 83 17 85
1 71
0
1 51
1 45
3 73 62 14
3 22 5 42
2 97 59
1 23
2 68 55
2 7 66
3 86 14 88
0
2 4 61
3 89 77 2
3 93 86 11
2 54 73
4 93 62 91 31
3 95 1 57
1 89
1 29
1 64
1 63
1 16
1 53
1 19
2 71 28
1 56
2 92 49
2 41 65
2 34 75
2 94 52
2 93 43
3 12 80 18
3 22 32 99
1 15
1 38
3 42 30 93
1 47
3 85 46 68
1 54
2 35 97
1 4
4 92 34 74 64
4 86 19 1 93
2 15 81
3 51 26 1
2 94 88
3 79 30 41
5 2 4 78 98 68
2 24 55
0
3 18 39 96
3 90 96 74
1 73
2 19 58
1 70
0
2 25 94
0
3 89 64 25
3 36 69 40
1 13
3 36 72 6
3 85 39 44
2 78 6
3 12 42 94
2 68 53
5 40 42 57 69 62
4 56 72 83 91
2 43 9
3 78 9 77
2 32 66
2 74 14
2 59 5
0
