100
1 96
2 89 4
2 80 62
2 61 2
0
3 81 89 91
2 86 21
0
5 45 34 41 21 91
0
2 29 82
2 15 88
1 74
3 96 95 98
4 32 12 56 81
3 93 45 65
2 26 88
0
2 94 98
1 30
5 42 66 7 83 9
3 71 33 70
1 60
4 50 87 80 32
1 76
2 66 17
0
0
3 93 54 11
1 20
0
3 39 15 24
2 22 75
2 9 82
0
1 92
3 84 81 62
2 55 61
3 46 77 32
2 65 41
3 47 40 9
5 84 21 53 78 52
2 91 71
0
4 9 60 16 88
3 39 87 61
1 41
2 61 92
1 78
1 24
0
1 42
1 42
1 29
2 74 38
5 97 85 70 64 15
1 92
1 89
0
2 45 23
5 48 4 46 96 38
3 85 37 3
0
1 56
3 40 16 99
2 26 21
1 79
0
0
2 56 22
3 22 81 43
0
2 77 91
2 13 55
1 33
2 25 83
2 73 39
3 100 49 42
2 67 91
2 24 3
5 37 88 6 71 15
2 34 11
3 92 76 21
3 37 42 89
2 62 56
1 7
2 24 46
5 81 90 17 45 12
6 6 2 91 58 84 96
1 88
6 73 43 89 79 6 9
4 83 36 48 57
2 16 29
1 19
1 14
4 14 1 61 89
1 56
2 19 14
1 65
1 78
