Yes
73 77
39 46
24 50
83 92
37 84
16 93
24 87
56 97
73 91
37 81
41 47
39 77
81 88
6 81
19 94
67 79
62 85
22 71
42 84
43 91
48 61
6 89
24 80
13 74
40 65
9 45
25 76
78 100
14 96
55 74
14 95
32 39
37 62
26 66
2 89
40 41
45 60
21 42
17 26
15 32
38 55
7 86
89 91
58 89
9 34
56 85
29 93
49 78
29 54
16 45
88 90
42 53
46 87
1 96
79 91
34 82
22 33
56 70
17 88
4 61
19 98
12 15
24 32
84 89
21 66
16 65
3 80
42 78
45 88
3 62
71 81
20 30
56 64
11 29
46 61
42 52
15 56
43 71
11 82
9 41
36 92
7 21
76 83
61 96
21 83
48 92
14 98
33 75
22 70
2 4
9 21
89 96
6 91
23 60
57 92
15 81
12 88
9 91
38 61
65 99
