Yes
1303 4
4857 4
2813 4858
5840 4859
3802 6
4197 7
4789 6
4591 4788
3373 4590
3660 4589
1087 4588
4643 4588
2088 4587
806 4587
3056 805
5745 805
3091 805
676 3092
1012 3093
3151 3093
2634 3092
3571 9
3013 10
2259 11
4539 10
6014 4540
2280 6015
2932 6016
4294 2933
4366 2934
908 2934
5006 908
6160 5007
5371 5007
3731 5372
5063 3732
3378 5062
2896 5061
192 5060
2125 5059
2407 5059
6061 5058
6196 5057
5236 6197
6858 6198
5818 6198
1352 5819
2965 5820
4744 5819
4365 5819
78 4365
2048 4366
6800 2049
5911 2050
1332 2051
2643 2050
3491 2644
4415 13
5237 14
12 13
1025 16
3070 17
1593 18
1794 18
4293 1795
1910 1795
1296 22
5358 23
3792 23
1972 23
5157 1973
6665 1974
3161 6664
5671 26
276 27
1112 29
37 30
2458 31
6639 31
3414 6639
2097 6639
1866 2096
2204 2095
2567 2205
3198 2204
3822 2204
4751 3823
4435 3824
4320 3824
4831 3823
3488 3822
873 3489
2720 873
785 873
2874 786
6597 787
6240 788
682 6241
1176 6242
3711 6243
4985 6243
6396 33
4658 6397
5048 6398
3761 5047
279 3762
6523 3763
6237 6524
6096 6525
1490 6524
3560 6523
5302 6523
5443 5303
121 5303
6224 5303
2696 6225
6790 6226
335 6227
4480 6228
6670 6228
2103 6671
6088 6671
6694 6671
5245 6671
4942 36
1073 4943
6582 4944
2 4944
6020 40
1739 41
6205 41
4659 43
88 43
860 89
194 860
5873 859
1814 858
5838 1815
2278 1816
4184 1817
6828 1818
3328 1818
4257 1817
5511 4258
2325 4257
3920 2326
509 2327
1560 2328
2347 2329
105 2348
496 2349
3077 2349
6226 3078
5010 3079
2007 3080
3851 3080
3044 3079
6337 3078
6934 45
4094 6933
2165 6933
2573 6932
2393 6932
6940 2394
4633 2394
4924 4634
644 4635
6589 644
6175 6588
4273 6587
4963 6586
3172 4964
3243 4965
3010 4966
1342 4967
6986 4967
4746 6987
1267 6988
5521 6987
6984 5522
4006 5523
781 5524
1167 5525
1882 5526
5652 5527
3413 5653
6015 5652
5402 5651
4114 5403
2584 5404
5236 5405
4743 5237
1004 5236
685 5236
4457 51
6958 4457
66 6957
1510 6957
3899 6957
5619 53
1313 54
451 1313
2989 1313
2598 2988
2504 2599
5779 2600
4912 5778
3968 4913
5663 4913
319 5663
6147 5662
3214 6148
3149 56
593 3150
3445 3150
6294 3446
3614 3447
4554 3448
4708 3447
41 3447
3066 59
6052 60
5347 6053
5718 6053
251 6053
328 250
4077 249
6243 4077
1022 63
6344 64
3020 65
744 3020
431 745
1781 432
1305 1782
3587 1781
6043 3588
4663 6044
5696 6045
1681 6046
825 6047
1027 6048
719 6047
372 718
6567 718
6417 718
4396 63
3915 67
2335 67
997 2335
1952 2334
207 2334
5921 2333
5089 2333
1302 5090
5427 69
33 69
3377 72
4892 73
3921 74
3034 3922
5342 3922
1203 5342
376 1204
1138 1205
2022 1139
6592 1140
71 1140
1145 1139
3262 1138
6772 3263
3464 6771
3627 6771
2422 72
6466 71
2579 76
829 2578
3738 2577
6868 3737
5228 3736
1194 5227
1495 5227
1174 5226
6632 79
1119 6633
3818 1120
763 1121
2832 1121
4489 1121
3512 1120
1893 3513
5798 3514
2220 81
2229 82
2645 82
3444 2645
5795 3443
1372 3442
946 1372
627 1371
5252 84
4220 85
6081 86
6830 84
5993 6831
4624 6830
1340 6830
474 1339
5828 1338
2877 91
669 92
912 93
902 95
3252 903
5540 904
65 904
5568 904
6052 5568
2102 97
1879 97
6057 1880
1400 1881
3303 1401
770 1402
6579 1403
1068 1404
5013 1404
5289 5014
4854 5014
4642 4855
1574 4856
6233 4857
1704 6234
5143 6235
1369 6236
3139 6236
5118 6235
4310 6234
2754 4311
1311 4312
1266 1312
6210 100
6010 100
2013 6009
2255 2014
3993 2254
5582 3994
2973 3995
5004 3996
3816 3996
515 3815
3956 514
2419 513
5213 513
3099 512
3367 104
6962 3368
3283 3368
141 3282
1354 3282
2387 107
4437 108
1865 108
158 108
4192 107
4269 111
2969 111
1557 2970
1992 2971
5392 2970
1476 114
247 114
5261 246
2228 245
1725 119
4038 120
2947 120
4211 126
2636 127
5287 127
3080 127
59 127
4399 126
4877 4398
5246 4398
2191 5247
3487 5247
5146 3487
321 3486
2587 3486
910 3486
4419 130
6022 131
533 6023
2681 6024
5202 6025
5681 5203
2475 5203
6472 5202
1856 6473
1078 6472
4383 6471
6358 6470
157 6469
1695 6468
1931 1694
5107 1693
1592 1693
6045 1693
1073 134
4922 135
4133 136
2511 4132
3783 4131
5680 3783
4452 3782
27 4452
646 140
3566 647
1765 646
6027 646
5102 6028
5462 6027
2228 6027
1239 145
1237 146
5895 146
3144 146
259 3145
1092 3146
4623 3147
5290 3148
440 3147
4892 3146
4640 4892
3757 4641
1457 4641
4998 4642
2680 4998
3046 2679
5003 2679
6543 2678
2201 6542
6796 2202
905 2201
2869 2200
1546 2199
322 2198
6666 2198
3941 2198
1518 149
3249 150
3904 3250
4093 3250
1782 3249
4013 153
2710 153
6535 155
4759 155
2627 4760
3254 4760
4144 4759
2252 4145
4495 4146
847 4495
5453 4495
4273 5452
1333 5452
6825 159
76 159
4971 159
1727 4972
4787 4972
5418 164
5119 164
4613 166
4476 168
5835 169
5168 169
1384 168
5792 1385
3415 5792
3797 5792
5661 5792
5433 5660
4515 5660
5700 4516
6679 4517
6386 6679
5562 171
2359 171
1867 2360
2206 2359
5021 173
3224 5020
3062 3225
3315 3226
6589 3226
3219 178
2770 178
1272 2771
1227 180
2892 181
367 182
5518 183
6815 183
2622 186
3234 186
3320 3233
3014 3321
5362 3322
6913 3323
1545 3323
4553 1544
3954 4553
2138 4554
2910 4555
5097 2911
6471 2910
1990 2910
1555 188
5951 188
2587 188
1224 2586
4209 1225
2681 1225
4608 1224
6197 1224
959 191
5446 192
5964 192
2040 5965
4179 5966
2676 193
6411 2676
994 2675
2270 2674
6804 2674
2825 2674
619 2826
1048 2826
486 195
2407 196
5842 2407
2753 2407
1260 2752
840 1261
2236 1262
3437 1263
6574 1262
5473 6574
3043 199
3755 3042
3299 3755
4512 3300
2662 3301
1251 202
2908 203
6895 2909
2890 6896
5609 2891
5974 2891
3058 5973
3995 5973
3291 5972
1012 3291
6307 1013
4674 6308
4474 6308
2511 6308
5936 2511
6215 5936
801 5935
1871 5934
6571 1872
2964 1873
1240 1874
5530 1875
5803 1874
6837 205
5913 206
2915 207
1089 207
6618 210
3808 6619
1524 6620
3492 6620
3996 6620
1297 212
4053 213
6340 213
2465 6340
6179 6339
5637 6180
356 6181
6515 6182
6591 6183
4891 6184
3180 6185
290 6186
3188 6187
2267 6188
6792 2266
1179 2266
6975 2265
6516 2265
5615 2264
3459 2263
389 3460
846 3461
4584 3462
2444 3462
1438 2444
1594 1439
5692 1440
6114 1441
3508 1442
6481 1443
1756 1444
4322 1445
3274 1446
3120 1447
6884 3121
670 3120
992 671
1482 671
4041 671
4222 4042
4947 4043
5710 4948
6660 4949
950 4950
6956 4950
79 4950
4836 216
1740 217
2378 218
3701 219
3924 219
3438 3925
4356 3926
4612 3926
2865 3925
6566 3924
3601 6566
1188 6565
2638 6565
1397 2639
6020 2640
4857 2640
178 2639
5836 2638
5922 2637
2871 5923
598 5923
3809 599
473 3809
1675 3808
237 1676
81 1676
3057 1675
3278 1674
4442 3277
727 3277
5898 3276
3801 3275
2534 3800
2814 3800
6812 2814
5264 6813
4951 6813
5331 6812
1926 5332
2221 5333
2179 5334
3502 5335
1324 5335
543 5335
1869 544
6023 545
3792 6023
5499 6022
5219 5498
528 216
1969 529
6439 530
6752 531
1714 224
6259 1713
6661 1712
1192 1712
4709 1712
2276 4710
3526 4711
1046 4712
3496 4713
3193 3497
6772 3497
70 3497
4052 226
5376 227
2271 227
6511 2271
1579 229
6159 229
1013 6159
3126 232
6850 233
6257 234
5596 235
6380 235
3944 6381
836 6382
4091 6383
6376 6382
935 6377
2873 936
2982 935
3500 2981
6241 2981
1058 2980
1083 2979
1581 2978
4764 2977
5788 2976
2423 2976
1930 2975
2871 1929
2114 2872
4630 2114
4626 4629
6602 4627
147 4626
3385 4625
5013 4625
6288 232
5673 6289
3246 6290
4307 3245
2323 3244
3266 2323
5791 3265
3321 3264
1218 3321
1781 3321
3391 238
4229 3390
3177 3390
6980 3177
3281 3177
4561 242
6185 243
1976 6186
1894 1977
3829 1978
5931 1979
5312 1980
6982 1981
4936 1982
6967 1983
3165 1984
4262 1985
4738 4262
3966 4261
3309 4261
3476 4260
2936 3477
670 3476
5373 669
173 669
5655 254
1026 254
6022 1026
247 1026
1395 258
5181 261
826 5181
998 5180
3170 5180
180 5180
6712 5180
2914 6713
1113 6713
2769 1114
3176 264
5703 3175
6318 3174
4729 3173
6444 3173
4641 3173
5469 3173
6835 267
5156 6834
2572 6833
1899 2572
3525 269
6953 269
951 269
6325 952
5244 952
3743 952
2658 3743
6475 3742
2265 3742
1565 3741
5468 3741
3050 273
5651 3050
2475 3050
5613 280
5483 281
5174 5483
4804 5482
964 5482
6049 5482
6452 6050
6089 6050
6905 6090
4637 6090
4969 6090
4691 6089
6929 6088
4871 6930
6357 6930
6220 283
5746 283
4946 283
2161 4947
3494 4947
4665 4947
1959 4666
3556 1960
3154 1961
3755 1961
3038 287
2141 288
3849 289
4226 288
6655 288
2871 287
6453 290
511 290
4023 291
1238 292
3558 293
6432 3559
2189 3559
5867 2190
513 2190
2411 297
893 297
2857 299
1441 299
3548 1440
602 1440
275 1440
731 1440
1183 732
6647 733
488 734
1640 735
4685 736
5065 735
3074 734
71 733
4373 301
3632 4374
4722 4375
6354 4375
6200 6355
4752 6201
4060 6202
1918 6203
5876 1917
3800 1917
4268 305
1433 305
2707 1434
5004 1435
6854 1436
586 6855
5849 587
4426 587
2631 586
657 586
2351 658
1066 659
4380 1067
4174 1066
2253 1066
636 307
4127 308
1841 4128
2520 4129
4538 4129
4035 310
3617 4036
300 3617
5268 3616
3615 3616
5965 3615
3882 313
5856 314
242 314
2240 314
1046 316
2924 316
42 316
5296 318
5871 5297
418 5298
914 5299
3038 5299
5362 5298
3411 5297
1142 3412
424 3412
4196 3411
6875 320
4572 6875
2031 6875
1215 2032
6555 2031
4416 2030
393 4415
1832 4414
4620 4413
5177 4621
1098 4622
2284 4621
921 2283
868 322
3815 322
6330 324
5475 331
4094 332
4284 333
338 4284
2069 339
3533 340
721 341
6863 342
3093 342
6139 331
3540 6140
1199 6140
3765 6140
5668 6139
508 6138
3593 6138
68 6138
279 6138
3198 336
3053 337
1053 3052
4406 1053
2172 1053
1485 2173
2212 1484
6639 1484
2829 339
6872 2830
298 2830
6599 298
6937 298
2930 344
3629 2931
1629 2931
2799 1630
6692 1630
978 1630
3896 978
2278 978
2379 2277
4233 346
6759 347
338 347
5352 347
1100 346
539 1099
6123 1099
1890 6124
597 1891
5947 1892
6244 1891
6651 1890
6998 1889
6645 349
5017 349
2123 5018
2527 2122
6372 2527
5206 2527
6071 5207
6723 6070
1896 6723
6651 6723
4369 6650
5366 6649
6584 6649
2017 6583
4028 6582
577 6581
1252 6580
1235 6580
3619 6580
288 6580
3193 353
3223 354
6590 354
500 359
5994 360
2668 361
1923 362
2950 362
5202 361
5383 360
2234 359
5603 2234
6986 2234
24 367
5511 367
2792 372
2273 372
840 2273
3931 841
6655 842
2356 843
1022 2357
2335 2357
6472 2356
4871 6472
6885 6472
4749 6886
3530 6887
6663 6886
3620 375
1713 375
6642 377
3621 6642
2887 3622
6077 3623
4234 6077
5347 6076
6180 6076
1062 6076
4594 1063
1420 1063
1449 1419
922 1419
1187 379
5286 379
3499 379
4034 3500
3319 4034
1932 4033
392 4033
6880 4032
2582 6881
3292 6881
1172 3293
2361 3293
4432 3293
2186 4433
1806 4433
6564 4433
5394 6563
2036 6562
1572 6562
5088 6561
1362 5088
4441 1361
6764 1360
3187 1359
585 1358
5837 585
5724 584
4872 584
4360 583
3834 582
3563 582
5022 582
1516 5022
3134 381
4781 382
389 383
843 383
5562 385
6126 386
3485 387
1895 388
1412 388
5178 387
5023 5178
2064 5024
5898 5025
4857 5025
4978 389
5346 4977
3590 392
5138 393
6148 393
1954 394
3427 394
6971 3426
4455 6972
711 6973
3347 710
678 397
5218 397
2563 5217
4529 5217
2592 5216
2775 2593
6786 2594
2932 2594
6858 2933
6186 2932
3864 399
2939 400
5533 401
699 402
5210 700
490 701
3866 702
5667 703
4624 703
1157 4623
4558 405
1706 406
4741 407
4567 408
4222 4568
5357 4569
1269 4570
2220 1270
4686 1270
6169 4687
6208 4688
1452 6209
482 1452
3836 1452
5901 405
890 406
3847 410
4662 410
1430 4661
6867 4661
4105 4661
891 4661
5264 412
6446 413
6799 414
482 415
530 415
4092 415
2031 415
6384 412
3425 413
5800 3424
3788 5800
1076 421
5155 422
2462 421
3601 2463
678 2464
1010 2464
4598 1009
2546 1009
6966 1009
3031 1009
5025 3031
1833 427
2040 428
999 429
216 429
4951 432
2715 4952
3181 435
2558 436
4574 2557
4077 2557
826 2557
3724 438
668 439
4280 439
4236 439
6920 438
6916 6921
2532 6922
5150 6923
3255 5151
4597 441
14 4598
1882 4598
4505 4598
3361 4598
2063 3360
6068 3360
1585 6067
1126 6066
5071 6065
6675 6064
4961 6063
4306 6062
5288 4305
3647 443
4237 445
3877 445
4638 3878
5743 448
917 5744
6461 916
5277 6462
1912 6463
5200 6464
2183 452
2746 453
4188 454
4690 454
6947 453
2943 452
6775 452
3331 6776
933 6777
5149 6776
230 6776
4741 231
6754 231
867 231
1479 457
5379 458
1777 465
4945 465
377 465
3455 465
2261 3456
1603 2260
2615 2260
1959 2616
442 2615
1115 2615
5131 1116
4261 1116
6133 467
1168 6134
4303 6135
4173 6134
2222 6134
5484 2222
1839 5485
4049 5486
4842 5487
3612 5486
3532 5485
2424 5485
3256 5485
279 5485
6612 469
6406 6613
4826 6407
1896 4827
1188 1895
6149 1895
1564 6150
2896 1564
3210 1565
707 1564
2835 708
4278 2836
2376 2837
2795 2838
2012 2839
2575 2840
4707 2840
3033 4706
2901 4705
5566 2901
1119 2901
906 1118
5213 905
3056 5212
2395 5212
4797 475
2613 476
351 475
5197 475
1955 5196
1463 5195
4351 5194
3553 5194
3411 5194
717 478
993 479
3298 480
4795 481
5 481
1033 481
1918 478
6674 484
1610 484
760 1611
584 1610
1019 486
4380 486
1533 487
5450 488
4154 489
433 489
5381 491
493 5382
4285 5381
3973 5381
425 5381
2306 495
86 495
2832 496
804 2833
6904 804
5978 803
5205 802
6681 498
4192 500
5308 501
3403 502
65 503
53 502
6482 501
2481 6481
6849 6480
619 6480
5697 505
3200 5697
4105 5696
773 5695
5929 5694
4788 5694
6667 5693
104 5693
115 5692
2648 5691
240 5691
6574 5691
6460 507
4853 508
4085 509
2102 509
3756 508
3422 517
1671 518
3568 519
1158 519
3306 518
1942 3307
3220 3308
2098 3308
4423 3307
1607 4423
2816 4422
6192 2817
2115 2817
2846 2816
3873 2847
6475 2848
2673 521
863 522
2308 522
1064 522
3259 521
2848 521
2331 527
259 527
2016 527
3732 527
6066 527
6908 529
826 529
565 530
5585 566
76 565
3577 534
2142 535
3438 536
2727 537
5002 2728
2895 2729
3218 2730
5709 2731
4782 2731
221 4781
6856 535
5480 6857
3036 6857
2362 6856
4666 6856
2166 6856
3669 2167
5772 2168
4208 2169
6944 2169
6158 2169
6761 2169
93 2169
5703 94
1260 94
1556 94
4809 539
6631 539
2874 539
5257 540
990 5257
236 5257
4285 547
6445 548
697 549
5881 548
1086 5880
6585 5880
4480 5879
5355 4481
2441 4482
1162 4483
5991 4484
5127 4485
5972 4485
5249 4484
1546 5249
5210 1546
2699 5209
2040 5208
6122 551
3480 554
4651 555
4286 4650
5175 4649
4298 4648
4333 4647
1398 4646
2588 4645
6237 4645
5552 4645
4741 557
766 558
4114 558
468 557
527 557
6720 557
5301 6721
6569 6721
6819 6721
1490 6820
4803 6821
3264 6820
602 3263
5534 563
1549 5535
6804 1550
2598 1549
3944 1549
539 1549
4583 569
6403 569
872 6403
5169 6402
1824 6401
2476 6401
3182 2476
4246 3183
1976 3184
1422 3185
1719 3186
5722 3187
4242 3187
5867 3187
4533 5867
1835 573
692 574
6120 691
6002 691
3903 690
5713 3904
5889 3905
5438 5888
5416 5887
6889 5417
6974 5417
2670 578
4693 2671
2417 2672
3109 2672
3571 2672
5195 2671
2876 2670
5994 2669
1279 5993
6758 5992
2567 6757
1514 6756
3322 6756
2737 591
6652 592
6046 591
2660 593
3097 593
6509 3096
2084 3096
6351 3096
3897 6350
40 6350
3205 596
759 3205
338 760
2712 761
3876 762
6126 763
3022 764
6625 764
4838 764
3819 4839
3713 4840
4545 4839
627 4839
2919 604
5760 605
4176 5761
2755 5762
4982 5763
4519 5763
2811 4520
1487 4521
6033 4522
1424 4522
510 4522
4677 4522
3474 4678
4247 4679
6423 4680
4074 4681
775 4682
1953 776
4887 777
6420 776
3984 775
3034 3985
4498 3034
4361 607
1679 607
1566 607
1621 609
4902 610
813 4901
2486 4900
3705 615
2042 616
1501 2043
4165 2043
1234 2042
829 2042
183 829
5001 829
2810 5000
3895 2809
5473 2809
3106 2808
508 2808
4599 621
3270 622
3437 622
4867 3436
2160 3435
4159 2159
4565 2159
3751 2158
171 3751
4719 3750
5634 3749
4384 5635
2371 5636
4963 2372
5345 2371
5857 624
2804 629
3060 629
3758 3059
3499 3059
1072 631
4286 631
303 4286
5445 4285
906 5445
3871 5444
1926 5444
4786 5444
3150 4786
1776 633
4662 633
3571 636
4122 637
1562 4123
6787 4124
2163 4125
2957 641
6596 642
3303 643
1696 643
5738 643
1184 643
5308 1185
1200 1185
3239 1185
2636 1184
6362 1184
2018 1183
94 1183
4123 645
1437 645
616 645
2179 646
5866 2180
5418 2180
6850 647
2664 6851
3520 6852
2311 6853
4904 6852
1077 6852
490 6851
3801 6851
4005 650
5870 651
1502 652
3768 1503
5410 3769
6993 5410
5465 5409
6305 5466
2604 6306
3465 2605
5983 2604
3700 5984
2912 5984
6354 5983
2867 6353
6299 654
5950 654
1402 656
6684 1402
4382 1402
5834 4383
1392 4384
944 1391
1250 943
1659 943
5547 942
1687 942
5063 942
2113 5063
2558 2113
2607 662
4726 663
767 663
2578 662
2662 662
339 662
4213 665
1081 666
6284 666
4817 666
2384 4818
1635 4819
3450 4819
3823 4819
2439 668
6595 668
6867 676
1870 677
6529 677
6535 6530
492 6530
5252 6529
2338 6528
188 6528
1020 680
6628 1021
4427 6627
5917 6627
3605 6627
6222 3604
3116 3604
2099 682
5429 682
3 682
1426 682
5344 682
6372 5343
5914 6371
4575 6371
4600 6370
6301 6369
2809 6369
6884 686
2406 687
2109 687
5871 2110
4465 2111
6333 4466
4734 4467
4501 4466
5045 4502
1329 4502
3194 1328
4654 1328
4616 1327
3088 1326
6098 3087
2537 3087
4628 3087
2593 4628
556 4628
5074 694
3086 694
4359 3085
3485 698
3732 698
6420 3731
3555 3731
728 3554
3558 3554
5085 3558
4525 5086
1774 5086
1678 1773
4203 1772
3908 1772
29 3908
4880 701
4806 701
723 705
1335 705
1647 1335
2684 716
3238 2684
4923 2684
6546 4924
2897 4925
4370 2898
5569 2898
2348 2897
6295 2896
1484 2896
4684 722
2711 4684
153 4684
332 4684
2303 724
3869 725
6345 726
2479 725
1585 724
2358 728
2967 729
2507 2966
3999 2507
4068 2507
3699 4069
3028 4070
4163 4071
6326 4072
4929 4073
6320 4073
3990 4074
2735 4073
4437 4073
6802 4436
1847 6803
3686 6803
3655 3685
6621 3685
15 3685
5103 3685
6426 5103
3569 6426
5308 6425
2578 6424
4842 731
334 4842
5809 739
3468 740
5488 739
2988 739
5715 747
5566 748
2345 749
981 750
3827 982
3001 983
5677 984
1057 985
1623 1056
2492 1056
6864 1055
4263 748
3136 748
1406 748
5760 753
1315 5759
5449 5759
3646 5759
5679 3645
5507 3644
798 5508
52 5508
668 5508
6800 5507
2104 755
2567 2105
6840 757
1669 6841
290 6840
812 6839
1017 6839
5421 1016
614 1016
1617 1015
3378 1015
3835 3378
2819 3834
5193 2819
2900 768
5323 769
5955 768
4461 771
2575 779
6779 2574
6459 2574
3185 2574
3702 3184
1860 3184
5134 1861
1904 5133
4078 5133
264 5133
2118 5133
4603 2117
1740 2117
3790 1741
5307 1741
4112 5306
2383 4112
4376 4112
4940 4112
2081 4939
3543 4938
2168 4938
2211 4938
1124 2210
3084 2210
396 2210
1171 781
2468 781
2183 781
6748 2182
1657 6749
2197 1658
2499 2196
14 2196
1010 2196
6392 782
1663 783
5817 784
249 784
13 785
3980 786
3028 3981
352 784
2276 352
233 352
5433 352
6514 790
953 790
2945 796
3505 797
6788 796
3460 796
3785 3459
3326 3786
6279 3785
2117 3785
6067 798
1678 807
5354 808
5811 5353
3706 5353
4074 5353
2446 4074
4114 2446
320 813
5735 814
5106 815
5255 820
2319 5256
3658 822
1526 823
4573 824
6226 4572
3970 822
1509 830
3396 831
1742 831
5239 831
1775 830
3201 1776
5284 1777
4035 1777
1230 4035
6477 1231
3421 1232
3846 1233
5237 1232
3206 1232
4491 1232
1353 1232
1969 1354
1508 1970
2134 1971
4769 1971
6763 833
2071 834
1828 2072
3017 2073
4532 2072
6721 4532
1852 4531
5960 4531
6191 5961
4836 5962
1148 838
2952 1147
6770 1147
2456 1146
4950 2456
1125 846
3019 847
629 847
5668 629
5644 629
5783 848
1438 849
6684 850
6098 851
2418 852
301 852
4802 848
3737 4802
2339 4801
5659 4801
3875 5658
6372 3875
325 3876
1346 850
6279 850
4221 6280
3580 4220
1950 3581
6654 1951
480 1951
4174 480
5962 480
1653 854
5117 1654
4528 1655
1221 1656
546 1656
611 1655
2278 1655
4283 1654
4367 4283
3503 4282
2107 4281
3055 856
6613 856
2566 869
1077 870
746 870
125 872
3468 872
3906 3468
3010 3468
4368 3009
357 3009
3600 877
4962 878
6755 878
5163 877
3649 877
4059 3650
5660 3650
6405 3649
3758 880
4007 881
5260 881
4470 5259
3395 5259
1374 883
6550 884
5044 885
4015 886
6274 885
1207 884
6335 883
3192 6334
5096 6334
936 6334
2194 896
4363 897
6559 4364
4823 899
1829 4822
4143 1829
2664 1829
5943 1829
3711 5944
5461 5945
4866 5946
2386 5945
4 5945
1592 5945
4249 1593
2215 1593
2265 1593
5052 901
3904 901
1847 3905
5786 3905
1605 5785
2614 5784
832 2614
2507 2614
1842 2613
3734 2613
5673 2613
5865 5674
2144 5675
5990 5676
2129 5675
723 5675
2567 5675
1765 913
6270 1764
2415 919
5668 919
2708 924
2608 925
3744 2607
4389 3745
5822 3744
1298 928
3889 929
2304 3890
5977 3891
1065 3891
4496 3890
340 3890
2893 3889
4974 3888
2503 3888
457 3888
4072 456
5037 4071
5949 4070
5686 932
2370 932
3365 933
1825 3366
5407 938
1759 940
32 940
2693 946
2845 2694
688 2694
3014 2693
3619 2692
5500 2692
5195 2692
1382 948
6137 949
3164 948
1205 948
4436 1205
4143 950
2814 950
4893 950
4560 4894
1509 4895
5464 4896
2953 4897
4374 4897
933 4896
6357 4896
3257 955
5649 3257
5752 3257
6626 958
1293 958
2037 1294
4339 1294
6260 1294
3934 1294
4886 3933
5472 3933
5565 3932
3594 5565
5907 5564
4698 5563
6336 5563
2682 5563
5019 5563
6696 960
1356 961
6746 961
999 6746
4899 6746
1958 966
2610 966
6094 2611
4090 6093
976 6092
4061 6092
2782 4062
5768 4063
4471 4064
3532 4063
4000 3531
2494 3531
1380 3531
1711 1381
4111 1381
4401 4111
6422 4110
6933 4110
5611 968
4894 5611
2721 5611
1935 970
2926 1935
1434 1935
3325 1434
5490 1434
5757 5491
1110 5756
4167 1109
2344 1109
5656 2343
1388 5655
5617 1389
3050 5617
4172 972
6734 973
5290 974
5806 5290
1298 5290
2301 5290
2802 2300
2984 2299
4293 2299
6101 2299
4060 6102
2315 6103
3550 6104
1431 6105
4975 6106
3299 6107
5458 6107
4669 6107
4955 977
3376 977
400 977
1450 982
5980 983
2343 983
1740 2343
6327 988
4239 989
1576 4240
3311 4241
6593 3312
2155 3313
6941 3314
2677 3313
1273 3313
5613 1272
1207 5614
5550 5614
2243 991
5348 992
4274 993
1229 994
4166 993
2901 993
4989 995
6791 4989
287 4989
4488 997
3928 4488
3728 3929
5910 3930
1310 3930
157 3930
2324 3929
2369 1002
5053 1002
882 1002
4944 1002
3654 1004
5314 1004
685 1004
4605 1006
5457 4606
5679 4605
1842 4605
5272 1008
3591 1008
1723 3592
2079 1722
6302 1722
6912 1721
3387 1720
5054 3388
555 5054
4195 555
4293 1015
5323 1016
2190 5323
6703 1023
3868 1024
4767 1024
6389 4766
1275 4766
6587 1275
3190 1028
2309 1029
6078 1028
959 1028
3798 1031
3520 3799
2357 3520
1490 1034
6443 1490
1284 6442
1501 6441
2969 6441
4955 2968
423 2968
133 2968
3948 2968
4120 3947
3366 3947
3537 3947
4534 3537
5810 4535
3885 4536
2278 4536
3038 4536
5504 1036
6447 1037
4673 1038
3249 1038
4781 1036
6410 1041
1348 1041
5557 1043
5861 1044
3333 1045
326 1045
3489 1045
5341 1046
2132 5340
6187 1043
4356 6187
6763 1047
5155 1049
6349 1049
1831 1049
35 1832
6169 1833
5863 1051
38 1051
1186 1051
6126 1067
2401 1069
6155 1070
5667 1069
5711 1075
1378 1076
3212 1076
1982 3213
5401 3212
6127 1079
4100 6128
1520 6129
6805 6128
180 6806
1314 1081
166 1314
3006 1083
3590 1084
6609 1085
923 1084
6432 1088
6895 1088
5338 6894
1468 6893
6844 6892
4463 6845
755 6845
394 6845
6665 6844
5198 6844
2329 6844
794 6844
538 6844
5141 538
3106 5142
6875 5142
4515 5143
1819 5143
5005 5143
6241 1093
2247 1093
5501 2247
6994 1095
2768 1095
2372 2768
1605 2373
6292 2374
2767 2374
2521 2374
998 2373
2318 2373
2905 2373
2592 2373
1750 2591
6073 2591
4344 1097
1890 1097
3129 1103
3453 1104
6926 1105
4238 1106
2599 4239
6207 2599
3053 2598
1076 1104
4203 1119
5549 1119
6232 1119
6636 6231
5346 6231
3953 6230
5369 6230
6444 6229
3671 6445
4881 6444
3860 4881
727 1124
6471 727
2828 727
6486 1126
1280 1127
6775 1127
2454 6774
6607 2454
589 6607
4265 6607
2634 4265
3340 2634
1561 3341
4840 3341
5837 3340
4411 3339
6689 3338
6499 3338
3316 3337
4051 3336
6440 3336
11 3336
4874 1130
4347 1131
1614 1132
838 1132
319 1131
5775 1130
5640 5776
4077 5640
3819 1138
1098 1138
4277 1143
192 1143
510 192
1626 1150
6518 1151
1037 1151
5505 1150
5333 1153
6365 1154
6905 1155
4509 1155
4189 1159
3216 1160
3358 1160
1015 1160
542 1160
3746 1159
6509 3747
6081 3747
546 6081
2126 1164
4161 1164
1941 4162
1650 4162
2313 4163
6261 4164
2612 4164
426 2612
3646 426
538 426
4528 538
2919 1168
1790 1168
489 1168
1941 488
3875 488
5077 1169
2448 1170
615 1169
5888 615
1637 616
280 616
6858 615
4015 1172
404 4015
4276 4015
628 4276
783 4277
98 4277
3458 4277
446 4276
2952 447
5451 447
4602 1176
2200 4602
5483 4603
3938 1178
6120 1179
3325 1179
3907 3326
4121 3327
696 4121
3528 4121
2584 1182
5922 1182
1919 5922
6325 5922
2646 1188
5537 1188
2704 1188
3284 1188
5632 3285
3386 1189
6659 1192
4108 1193
6173 4108
3599 4108
2660 3598
1170 3598
5275 3597
2835 3596
1847 3595
179 3595
2660 3595
4050 1197
1463 1198
558 1198
2748 1202
2683 1203
6238 1207
4201 1208
4001 1209
1319 1209
4822 1208
4700 1211
3018 4701
128 4701
3001 128
1901 128
1688 1213
6879 1214
4730 1214
2233 1214
239 1213
6147 239
6953 240
3990 240
6705 3989
3090 3988
1785 3987
6531 3987
4402 6532
3066 6532
5701 6532
565 6532
3382 6532
4810 3381
3099 3381
1803 3380
4551 3380
5486 3380
1958 1218
4232 1219
4744 1220
6249 1219
6172 1219
588 6173
6968 6174
2211 6174
6883 6175
2834 6175
47 6175
5646 47
2184 5647
5152 5647
2052 5647
4171 2053
1733 2054
3921 2053
2338 3922
3564 2337
5230 2337
5419 1221
6360 1222
4937 6359
4108 4937
133 4936
4853 1225
5374 4852
6502 4852
5717 6503
5190 6504
2766 6505
3543 6505
1130 3543
3681 1227
5136 1228
2535 1228
3002 2536
974 2535
778 974
874 778
2870 1230
594 1231
623 1231
2134 624
268 624
4369 1235
2167 1236
1605 2166
6142 1239
1369 6143
6055 6142
2962 1243
6597 1244
4524 1245
2093 1246
6443 2093
6319 2092
4493 2091
1907 2090
4832 2090
5324 2089
5897 2089
6916 2089
3960 2088
1595 3959
6991 3959
4573 3959
5902 1243
175 1244
5719 1248
1998 1249
4087 1249
5338 1249
5232 1248
2752 1248
6627 2752
6719 1252
4494 1253
582 4493
6264 4492
344 4492
1072 344
2191 1072
4452 1072
4876 1255
4849 1256
4205 1257
2432 4206
2429 4205
4322 1260
341 4322
3670 1268
5805 1268
4075 1268
5171 1279
4048 1280
238 1280
428 1279
3393 1279
6317 1287
2374 1287
3518 1289
4770 1289
1920 1296
2465 1920
5352 1919
3401 5351
5985 5351
4341 5986
2961 5986
1565 5986
4140 5986
2454 5986
5034 1304
2916 1304
3404 1305
1184 1304
6705 1306
3242 1307
2781 1308
2251 1309
4451 1309
72 1310
2276 72
5157 2276
5951 2276
5016 1306
3604 1307
6832 1308
209 1308
5733 209
3715 5734
313 5734
6348 5735
3151 5735
1515 5735
5161 5734
4902 5733
2916 1312
6761 1316
5771 1317
1816 1317
4179 1816
1995 1816
4052 1322
6610 1323
1784 6610
6206 6609
4226 1337
2536 1337
1505 1343
6359 1343
6402 1343
2597 1345
712 1345
5121 1345
4249 5120
5560 5120
1573 5559
1712 1573
4271 1351
2709 1351
1537 1351
3659 1364
4515 1364
6660 4515
1400 6659
6118 6658
1603 6119
3481 6118
6941 6117
6730 6940
5815 6730
5145 6729
6878 5145
4022 5145
571 4022
1512 1366
3836 1366
3225 3836
5573 1368
2027 5574
5376 5575
2332 5376
4932 2331
3972 2331
2754 1370
1787 2755
6294 2755
4967 2754
2212 1373
5518 1373
6798 5519
2564 5519
106 5519
5539 5519
605 5519
6057 1375
4411 1376
6541 1376
4627 1375
2984 1385
5165 1385
1690 1385
6707 1691
5998 6708
1455 6709
2912 6709
120 6709
3856 6709
5597 6709
6956 5598
1050 5598
6654 5598
4089 6653
4593 6652
3807 6652
2390 1398
1641 2390
1534 2389
6218 1535
3905 1535
6037 1534
118 1533
5229 118
3154 5229
1489 3155
3603 3155
2475 3155
1505 1403
1561 1506
3918 1507
190 1507
4877 1508
2730 1507
2379 1507
2414 1507
2887 2413
4907 2412
5226 2411
3772 2410
6889 2410
3662 2409
3945 3661
5368 1409
3217 1410
667 3216
2914 1414
2581 1415
5774 1416
3097 1416
4977 1415
4271 4978
5652 4977
4905 1425
5252 1426
3304 1428
2806 3305
6328 3304
214 3303
5413 214
2320 1431
1882 1432
2306 1432
2987 1432
5965 1432
3084 5966
6364 3083
5894 3083
1766 3082
6078 3081
5079 3081
3105 3081
4004 3105
3042 3105
4379 3106
4351 3106
3838 4350
430 4350
2176 4349
957 4349
144 4349
3930 4349
120 1444
1816 1444
4722 1446
3839 1451
3190 1456
5116 3190
2924 5117
5665 5117
845 5117
5838 1458
6906 1459
2844 1460
201 1460
1390 1459
6245 1459
5564 1459
4552 1463
4459 1463
6301 1464
3895 1465
2502 1466
5883 1467
138 5883
6892 1464
1791 1469
4340 1470
5571 1471
848 1471
6149 1470
6856 1470
5988 1473
2594 1473
4173 1475
5344 1475
4582 1477
3141 1478
2820 1478
5670 2821
1407 2821
1608 1480
4204 1480
1614 1483
5702 1613
5870 1486
4008 1487
5331 4009
1681 5330
4582 1681
2835 1681
2286 2834
6153 2287
2995 2288
3958 2288
565 3957
5324 3956
2583 3955
1990 2583
667 2583
3607 2583
2501 3608
4190 3609
4623 3608
407 4623
3493 1489
5718 1492
1648 1492
1559 1649
2010 1649
123 1649
2466 1649
4097 1649
2855 4098
4450 4099
3459 4099
6382 4100
1299 4100
2831 4100
1838 4099
5092 4098
6859 4098
6777 4098
2451 1499
1519 1500
4692 1500
2175 1501
2634 1501
2387 1506
878 1509
2872 1509
3945 2872
2403 1513
5544 2404
2753 2403
6144 1515
1036 1515
1705 1037
2612 1705
2726 1519
2230 2726
6162 2727
6484 2728
5838 2729
5154 2728
5706 5153
5670 5153
2879 5153
3246 5152
5651 5152
1058 5152
1539 1521
1847 1540
1799 1541
2588 1542
677 1526
4251 1528
3914 1529
2064 1530
5905 2063
2348 2063
6535 2349
2106 2349
6915 2106
6790 1539
4228 1539
1192 1539
1415 1192
3194 1544
5512 3194
6943 5513
264 5514
6708 5513
366 5513
3596 366
3483 366
6277 3482
472 3482
3231 3482
2467 3482
1512 3482
3525 1548
3129 3526
6953 3527
1796 6953
2059 1797
5487 1796
4744 1795
4053 1552
4567 4053
5919 4568
4412 4568
1188 4412
735 4411
5440 735
38 5441
2823 5441
1893 2824
2362 1892
4409 1559
4527 1559
1722 1559
3165 1563
1358 1563
3143 1570
4186 3142
5204 3142
6608 3141
996 3141
6878 1572
6663 6879
2035 6879
273 6879
4105 6879
2249 1576
3557 1576
411 1576
2439 1576
2654 1576
6975 2654
2025 2653
4043 2653
160 2653
3918 2653
5947 3918
5093 1577
3167 1577
5029 3168
5961 3167
3290 3167
2646 1579
3632 2645
3720 3631
1804 3630
3075 1804
279 1803
1897 1581
6859 1590
2258 1591
1628 1591
1763 1628
4718 1628
1379 4718
6163 1596
3667 6164
2904 3667
926 3667
4206 3667
3450 3667
5809 1600
6385 1603
6778 6385
1239 6778
6697 1604
2483 6698
4791 6699
3820 6700
4019 3820
3277 3820
6703 3820
6807 1608
5463 1615
3149 1615
2457 3149
204 1621
1437 1621
3241 1622
798 1622
4136 1624
6419 4137
4217 6419
5738 6419
4472 5739
4003 5740
4618 5741
5846 5742
4408 5742
3710 4407
4959 3709
5908 4960
5706 4961
576 4962
223 4962
3147 4963
4799 4964
3583 1626
6283 1627
3903 6283
1514 6283
4428 1632
2907 1632
5688 2906
1951 2906
3713 2905
5125 3712
6238 5125
2127 1639
170 1640
1087 1640
5224 1642
1748 1643
4685 1642
5700 1642
3975 1642
2764 3976
4109 3976
888 4109
6031 1645
5456 6032
5979 6031
5072 6030
791 6030
1206 791
3643 1648
5118 1648
6824 1651
2480 1652
561 1652
3460 1651
5977 3461
25 5978
2231 5978
2204 5977
995 2204
6297 1661
1729 6296
2242 6296
1787 6295
2715 6294
1947 6294
5538 1948
5860 1949
5968 1948
4693 1948
4555 1948
2089 1948
3229 2089
5448 3230
6281 3230
755 3229
5721 1663
6168 1663
5741 1663
799 5740
5100 5739
2416 5101
2079 5102
3479 2079
3585 3480
430 3481
3245 3481
1750 3480
2530 3480
2964 1665
1844 1666
6971 1667
553 1669
2733 1671
6635 1672
466 6636
6304 6636
1492 6304
3830 6303
1216 6303
4764 6303
3202 1678
4343 3203
4911 3203
4134 3203
4688 3202
326 3202
1217 3202
5357 1680
4650 5357
4207 5357
3305 4207
5608 1683
3656 1684
1721 3656
2807 3655
4898 3655
1075 3655
648 3655
1798 648
2749 1697
1982 1697
6787 1983
2107 1983
442 1983
5325 1699
2312 1699
1568 1699
6860 1699
3936 6861
716 6861
2296 6861
5528 2296
4335 2295
6024 2295
1979 2295
1306 2295
2513 1306
4777 2514
6271 2514
572 6271
2426 6271
3417 2425
660 3417
1625 3417
4834 1702
200 1702
2998 1702
4959 1702
1956 4959
5706 1957
3327 1957
2068 1707
5408 1707
3493 5408
2399 1716
2193 2400
4594 2400
3211 4594
6210 4593
4392 6211
6364 6212
3654 6213
852 6213
272 6212
4845 1726
6848 1727
4187 1728
1494 1728
6850 1728
3206 6851
3573 1731
6616 1732
1071 1731
3261 1743
4475 1743
1365 1743
23 1743
4472 1746
4772 1747
1547 1746
5050 1753
6979 1754
200 1755
1595 1754
152 1595
6656 1756
655 1759
2564 656
5851 2563
3199 2562
6242 2562
6069 2562
4752 2562
6160 2562
2368 1767
4641 1767
5958 1769
6841 1769
3201 6841
644 6841
4267 1779
4812 1779
2992 4812
6222 2992
5768 6223
358 6223
2501 1790
4120 1791
1863 1792
5849 1800
3673 1800
6805 1800
3500 6805
2974 1806
2028 1806
3491 2028
4671 1812
4364 1812
2143 1821
768 1821
4804 768
2628 1827
266 1827
6494 1839
1611 1839
5161 1844
4974 1845
6540 1846
424 1846
2795 1854
4142 1855
5320 1855
1229 1855
2638 1854
47 1854
4316 1868
4464 4317
4776 4318
6454 4319
2812 4319
3694 4320
5062 4319
6961 4318
154 4318
5941 1870
6981 1871
2311 1872
1111 2312
6034 2313
5877 2312
5496 1870
3391 1870
4195 1870
5063 1870
3302 5063
1364 3302
4043 1874
6824 4042
4745 4041
2224 4746
396 4746
4014 1882
3519 1883
3409 1884
395 1884
6551 1886
4169 6550
5548 6549
1871 6549
4428 1897
5453 4428
5886 4427
3252 4427
3332 4427
4542 3331
2862 4543
6367 4544
3308 4544
6251 4545
3791 4545
1479 3791
6359 1899
5499 1899
7 1904
1176 1904
5794 1907
5627 1908
3992 1908
3851 1908
2918 3851
6941 2918
5790 1913
5996 1913
5349 1915
5173 5348
2080 5347
1636 5347
2677 1925
1086 1925
5792 1926
1189 1926
435 1189
4912 1931
2049 1932
918 1932
3952 1932
6489 3952
2464 3953
4784 1937
2750 1938
4447 1937
3440 4448
3320 4449
3496 4448
4417 4448
5194 4448
2744 1940
3568 2745
3987 2745
270 2746
4631 2746
5459 1942
4342 5460
6348 4341
2545 4341
1929 4341
4190 1944
5139 1945
4336 1946
1350 1945
329 1944
5530 329
6051 5530
3401 1951
5771 3400
5522 3400
5807 3399
3989 3399
2354 3398
4802 3398
3473 1954
823 1954
6930 1959
6977 1959
2949 1959
2202 2949
5273 1965
1244 1965
2762 1967
4995 1967
3647 1967
6201 3647
3845 1978
3774 3846
4438 1980
2997 4439
170 4440
3556 169
2188 1988
2561 1988
4667 1988
2867 1998
2260 1998
3894 2001
2789 2002
947 2002
5729 2001
2913 5730
5533 5731
4038 5730
1241 5729
4066 5728
3848 5727
1677 3848
6150 3848
4743 6150
6914 6150
5587 2005
2689 2006
5236 2006
5873 2005
3025 5872
2077 5872
4621 2077
2310 2009
4196 2009
6958 2010
2481 2010
6626 2480
1673 2480
2952 2011
6928 2953
3429 2954
5681 3430
5432 3430
1359 3430
34 3429
4046 2017
2146 4045
6447 4044
1355 4044
3664 2019
3176 2019
4306 2019
6117 2019
3384 2021
63 2021
1372 2021
4777 1371
1833 1371
2860 1371
5078 2023
6455 2024
220 2024
4760 2025
2695 2024
3515 2024
6726 2024
5451 2023
2136 2026
1895 2026
2127 2033
3698 2034
5601 2034
6506 2033
5273 2033
6765 2033
2122 6765
3549 6765
2268 3548
5132 3547
6311 3547
335 3547
1832 335
4858 2036
3777 2038
3803 2039
6162 3803
5355 2067
4968 2067
1580 2068
6137 2069
3639 2068
5028 2067
4526 5027
2106 5027
5585 2107
2705 5584
6837 5583
21 5582
586 5582
6418 5582
3793 2070
4213 2070
4807 2070
6442 2070
5493 2070
6250 2075
3148 6250
2744 2081
2888 2743
4434 2743
6697 2092
2288 6698
1753 6698
3565 2100
5686 2101
5586 2101
437 5587
3984 5587
5725 3983
1743 3983
5780 1743
6199 2103
2266 6199
4877 2266
5328 4877
735 2122
3116 2126
4997 2126
6910 2128
5101 2128
5813 2129
2343 5813
1909 5813
608 5813
2042 608
2923 2135
5121 2135
3258 2136
5515 2136
1913 2136
6641 2136
4444 6641
5294 4443
3016 5295
2750 5294
6827 5293
6203 5293
5070 5293
4355 5293
3548 5293
6158 5293
4166 6158
2141 2137
4478 2137
4609 2138
2799 2139
2069 2139
2168 2143
3502 2144
6522 2143
6751 2143
3953 6751
3171 2147
4267 2148
4818 2147
483 2147
2434 2147
3537 2147
3851 2147
5951 3851
4198 2154
5495 2155
3814 2155
2912 3813
5004 3813
3559 5004
3919 2156
2451 2161
4168 2451
309 4169
1338 4169
2255 4169
335 4169
4043 2168
4051 2174
4295 2175
1190 2176
4865 2176
5749 4865
6983 4865
68 2177
2951 2177
4333 2184
2556 2184
6059 2184
2631 6060
2838 6060
5980 6061
584 5980
3563 2187
3220 2188
3563 2189
4122 2188
6501 2192
4266 2193
4622 2193
6087 2193
930 6087
6623 6086
5888 6086
6145 6086
5604 6146
3137 6146
4312 6146
4837 6147
1617 6146
738 1617
4568 738
631 738
4232 2195
6429 2195
3721 6430
4244 6431
3334 6430
5199 3334
5312 3334
4124 3334
4534 2199
3016 2203
2641 3017
110 3018
3562 3019
4157 2213
4507 2214
3238 2214
3210 2215
5332 2215
4464 2214
1348 4464
4329 2216
1751 4329
969 4329
4490 2219
719 4490
5149 2220
6880 5149
3770 2224
6418 2224
5620 2231
2882 5621
6780 5622
6692 5623
4079 6691
4248 4080
3911 4081
4927 4082
1138 4082
940 4082
3275 4081
5987 3275
2827 5988
3692 2236
3801 2236
2181 3801
2561 2237
2442 2238
6351 2442
300 2442
3537 2441
5819 2242
345 2249
25 2254
4674 26
1290 4674
512 2258
540 2258
4812 2258
4551 2269
3983 2269
2780 2275
6172 2275
6281 2275
1370 6281
4832 6281
5619 4833
3248 4833
6946 4834
1977 4834
2542 2281
5171 2282
3343 5170
2845 5170
5825 5170
6722 5169
3221 6722
2482 3222
6225 3222
295 3222
772 2286
3838 2288
2656 2291
2415 2657
1616 2656
5879 2656
4415 2656
3123 2298
2903 3124
5203 3123
1003 3123
2235 3123
4312 2302
4737 2303
5466 2303
5982 5466
2470 2307
4381 2307
384 2309
5995 2310
2841 2310
2389 2309
6151 2389
4733 2389
3968 4732
505 4732
6071 4732
1784 4732
6362 2314
1499 2314
6780 2316
5192 2316
238 5191
6993 5190
2539 6994
316 6994
4573 316
33 2318
570 2318
309 2323
3271 2323
3566 3272
3363 3273
4088 3364
5785 3364
6603 3363
5343 3363
4269 2328
2184 2328
1285 2328
2379 2330
3281 2330
2691 2340
6013 2341
1506 2341
2663 2340
5410 2340
2367 2343
4253 2345
2761 2346
2310 2346
5928 2347
5431 5927
5529 5927
2784 5926
3966 5926
6910 5926
1871 6910
3809 6910
3152 3809
6925 3809
6716 2351
1421 2351
1598 2351
1533 1598
4507 1598
3638 2352
6777 2352
5219 2354
2880 2365
1423 2880
2966 2880
6025 2966
3752 2966
4019 2369
4919 4020
4282 4020
3727 2377
4637 3728
3576 2397
195 3576
5123 3577
1823 3577
2150 3576
5660 2419
5390 2421
5612 2421
2927 2421
6308 2421
6356 2432
5833 2433
2238 2433
2539 2239
5921 2239
6991 5921
4728 6992
5703 6992
2514 6992
5971 2514
5552 5971
5411 5971
4867 2437
2491 2437
6483 2491
3676 2492
1044 2492
4359 2492
3220 4359
5805 2456
762 2456
5169 762
3477 2462
2201 3477
5485 3477
6054 2466
5011 2469
2448 2469
3400 2470
5165 2469
165 2469
4847 2471
1468 2471
4240 2471
1899 4240
2623 2473
847 2473
5249 2473
6340 2473
3840 2473
4096 3841
4212 3842
6677 3843
5984 3843
4237 3843
2455 4237
5198 4236
5355 5198
2522 2482
2649 2482
3172 2482
5008 3172
6595 3171
6898 6595
4562 6899
5636 6899
2277 5636
3015 2484
5592 2484
2625 5591
1703 2625
5507 2625
6734 2487
3682 2488
6054 2488
4005 2488
743 2487
5889 2487
6843 2487
2473 6843
2763 2490
5052 2763
1099 2764
5420 2763
4572 2763
3897 4572
1852 4572
5185 2494
171 2494
5268 2496
6592 2497
6969 6593
507 6593
1754 6592
6460 2499
4512 2500
4296 4512
3101 4297
5366 4297
4272 4298
5083 4298
2159 4298
5053 2502
6504 2502
1132 2502
5385 2506
6976 5386
595 5385
3886 594
6910 3886
3082 3886
548 3886
3505 549
6246 2509
3131 2510
2061 2510
4999 2510
3881 2512
941 2512
2936 2517
2562 2517
4371 2562
4229 4372
2840 4372
2910 2840
5023 2520
4140 2521
3634 4139
4403 3635
5275 3636
5709 3635
2912 3635
5857 3634
3237 2524
4179 2525
3811 2524
6597 3810
4349 3810
4565 2528
330 2528
4849 2528
2493 2528
1233 2493
6225 1234
6621 2538
2291 2538
6693 2543
5938 2544
4264 2544
6632 2544
3968 2550
4002 2553
4505 2554
1649 2553
3330 2553
175 3330
4683 175
1999 2556
6490 2560
6965 6491
5032 6492
4845 6493
3085 6493
3404 6494
4638 6493
1283 6493
2565 6493
2355 6493
4267 2561
613 4267
6732 4267
4543 6733
4037 6733
6062 6733
3442 2566
4858 2566
6556 2568
3704 2569
5255 2569
4219 5255
5448 2580
3404 2581
4243 2582
4168 2582
2931 2582
1516 2582
4915 2596
555 2596
1800 2596
5052 2608
5719 2609
2418 2609
2380 2418
351 2617
4844 2618
4778 2619
4208 2619
3032 2619
3586 2618
6140 2617
4755 2621
3417 2621
1186 2623
4839 2623
4080 4839
3916 2624
6795 3917
4336 3916
3352 3915
5361 3351
4741 3351
1177 3351
6877 3351
5324 2627
524 2628
6644 2627
5033 2629
5911 2630
6467 2630
185 2630
4180 2630
4548 4181
640 4181
1787 4181
4423 2636
248 4423
5009 2647
3513 2647
6001 2648
6853 2649
157 2648
2143 2648
6711 2651
4730 2652
2311 4730
1631 4730
6509 2661
6317 2672
3779 6316
1504 6316
106 6316
6059 2681
4796 6058
1626 6058
4486 6058
6846 6058
4617 6847
3884 6847
4500 6847
283 6847
3837 6847
4559 2687
5870 2688
3685 2688
5954 2689
1487 5954
6785 5953
894 5953
3252 895
5051 895
5624 5051
4884 5625
5547 5626
3434 5625
6836 5625
6105 5625
2790 5625
4977 5625
2004 2691
4116 2691
1096 2691
3467 2691
231 2695
5893 2696
4827 2695
125 4828
5136 125
6956 5135
1175 6956
4337 2697
3759 2698
1258 3759
6390 2700
5321 2701
5029 2701
5995 2701
4845 2706
5747 4845
5572 5748
6184 5748
1950 5749
1965 5748
951 2709
5083 2716
4525 2717
3349 2718
887 2718
4420 2716
3057 2716
4762 3056
3244 3056
6062 3244
4475 2722
3863 2723
3580 2722
1513 3580
2434 3580
3574 2725
6823 3575
4880 3575
873 3575
3383 3574
2397 3574
1350 2726
4176 2732
5175 2733
5707 5176
3317 5708
1525 5708
5541 5707
5147 5542
4670 5541
650 5541
3681 2737
5359 2737
3507 2740
5794 3508
4575 5795
3005 5794
5474 3006
6935 5475
2115 5475
4251 2747
6571 2747
2083 6571
6035 2749
1795 2750
4991 2758
2651 2758
4223 2758
1210 2761
5777 2761
2405 2761
620 2761
5908 621
4104 5909
4660 5909
365 5910
1046 5910
4612 1046
4249 2765
3360 2766
5471 2774
176 2774
477 176
3850 2777
6897 2777
3570 2780
6662 2781
3783 2781
3926 2781
48 2780
268 2780
6906 2783
416 2783
4145 2784
4154 2785
6653 4154
4830 2792
4951 2792
2047 4951
4946 4951
3730 2794
2551 2794
2350 2794
6767 2799
6773 2799
6375 2800
1555 2800
6315 2800
5162 2807
1623 5162
3199 5163
3910 5164
6897 3910
3597 3910
4157 2811
821 2812
6653 2812
3740 2814
5157 2826
6538 2837
6784 6538
4584 6538
1202 4584
6300 4583
6365 6299
3410 6299
3071 6299
3943 3072
3095 3073
899 3073
5388 3074
2415 3074
5288 3074
1533 2841
6277 2843
6152 2844
1128 6153
6078 1129
312 6078
5580 2846
427 2846
5712 2850
3893 2851
6633 2851
6984 2851
6731 2850
183 2850
3270 2856
6110 3269
4184 6111
4813 6111
3613 6111
5131 6111
5808 5132
4018 5131
4776 2862
4385 4777
5794 4777
6546 2865
910 6546
2072 6546
5155 2869
964 2870
6835 2876
2168 2876
6053 2876
2256 6053
6091 2882
1025 2882
2508 2882
4761 2888
6368 2888
6537 2894
3815 6537
6680 6537
1876 6537
189 2900
888 2900
3844 2900
1081 2900
4090 2902
2849 2902
1806 2903
4974 2904
4955 2903
693 2902
940 2906
4807 2911
671 2911
6076 2912
713 2913
552 2913
3730 2922
5281 2922
1880 2923
6662 2923
502 2922
1725 502
1262 1725
5223 1262
6888 1262
2355 6888
5432 6887
5115 6887
4171 2928
3080 2928
2450 2928
5340 2928
6654 5340
6452 2936
1124 2936
5875 2937
3415 2938
1352 2938
6954 2939
6385 2938
3138 2941
6918 2942
3762 2941
4644 2945
976 4644
6339 4644
4154 4644
1383 4154
3098 4154
1734 3098
175 1734
5111 2956
6449 2956
4152 6450
5579 6451
3352 5579
5871 5580
2659 5579
2162 5579
6293 2958
5917 2959
4107 2960
2375 2960
3324 2961
1236 2962
4182 2958
1088 2959
5665 2959
623 2960
5011 2971
147 2972
2326 2972
5616 2326
3427 2326
3433 2974
6387 3433
6074 3434
2644 3434
2370 3433
6689 2978
901 2978
1135 2984
4617 1136
1859 1136
6162 1136
5132 1135
4419 1135
6794 4418
3804 4418
6055 4418
6794 2986
5004 6795
6382 5004
6627 5004
3015 2991
3048 3016
1177 3049
6285 3049
2000 3049
1434 3049
3534 2996
5107 2997
113 5107
4061 5107
811 4060
1253 811
1126 1253
3889 1253
3432 2999
3963 3000
4209 2999
5372 2999
3238 3008
2814 3008
1251 2814
6323 3012
265 6323
4025 6322
1170 6321
2733 6321
750 6321
5481 6320
4257 6320
3677 3023
5621 3024
2034 3023
1099 2034
6373 3025
6177 3026
4156 6178
6904 6179
2921 6904
3347 6904
6583 3032
2356 3032
3854 3039
5905 3040
365 3041
1297 3041
6198 3040
6186 3039
3695 3046
5824 3047
6474 3048
6758 3048
99 3048
1664 3048
37 3062
3294 3062
4817 3062
4188 4816
2003 4816
5796 3063
6948 3064
5514 3064
1964 3063
92 1964
283 1964
380 3066
6479 3066
4514 3072
525 3072
4121 3072
121 3072
646 121
2543 646
4910 3080
27 3080
3436 3090
844 3090
3259 3090
5574 3259
2054 3258
4307 3100
5091 4307
6688 3102
4185 3103
3962 3104
2504 3104
4990 3103
2402 3103
1679 3103
4351 1679
2881 1679
4914 2881
31 4915
2756 4915
4751 4915
450 4752
4346 3107
813 3107
5992 3107
3297 3111
3118 3112
5868 3113
6738 3114
638 3113
2396 3112
3068 3112
2267 3111
921 3111
2636 921
3397 3116
4907 3126
3405 3126
3587 3126
4422 3126
5768 3126
2729 3126
910 2730
5663 3129
4324 3129
6858 3129
6873 3130
3733 3130
310 3131
4648 3131
620 3130
3159 620
1094 3137
6899 3137
6241 3146
5560 6241
4248 3150
5850 3151
5480 3163
991 3163
6828 3164
6600 3164
5664 3165
3908 3165
6794 3165
2674 3165
927 3163
5122 926
5745 5123
3242 5746
3789 5746
3716 3179
5303 3179
5853 3180
5931 5852
6252 5930
972 5930
5619 971
5891 3189
1940 3189
437 3191
4264 436
3988 436
5900 3195
6725 3195
1822 3195
6457 1823
3677 1823
4300 3676
6085 3197
6687 6085
4220 6085
1878 4220
5791 4220
5495 3208
6421 3208
6082 3208
870 6082
6074 3219
4184 3219
6981 3228
1486 3228
6394 3237
4805 3237
5384 4805
5792 4804
907 5792
5856 907
5217 907
5953 5217
2577 5217
5698 3241
2775 3241
5580 3242
1472 3248
5820 3252
3064 5820
3804 3257
2639 3257
6305 3257
2465 6305
5481 3260
4982 5480
6285 3286
6498 6286
4815 6286
603 6286
6021 6286
4245 6286
5950 4244
6378 4243
5639 4243
6413 5638
1986 6413
4150 6412
4291 6412
4577 4292
5159 4292
5891 5160
4543 5159
6664 4542
6931 4542
6451 4542
3545 6452
6927 6453
5812 6454
861 6455
5395 6455
4795 6455
2406 6455
5295 6455
5629 3288
6812 3288
6491 3288
4555 6492
1100 6492
4547 3296
5366 3297
6172 3297
1028 6172
6488 3299
6949 6487
6376 6486
1005 6486
2442 1005
5762 3308
6442 3313
1484 6442
3066 6442
6624 3318
357 6624
612 6623
4657 6622
1017 6622
2041 6621
1493 6621
4000 3324
6310 4001
5437 4002
1152 4003
5384 3327
1755 5384
6013 3337
4773 6012
4037 4774
6695 4775
6735 4775
4344 4775
6880 4344
1228 4343
1357 4343
1250 1357
3754 1250
5826 3343
463 3343
4698 3345
2987 3345
3424 3345
6935 3425
4696 3349
2167 3349
6481 3349
2374 3349
4442 3352
3436 4441
4299 4441
448 4441
3419 3354
6113 3356
3123 3356
6873 3370
5279 6874
3388 6874
6944 3379
313 3379
6743 3379
1278 3379
2438 3383
1122 3384
4591 3384
5885 3383
4719 5885
6945 4720
3158 4720
6324 3158
6776 3158
1875 3405
6637 3406
2460 3406
2899 3406
5778 3406
2206 3406
4876 3414
6742 3415
2694 6742
4538 6743
6550 6742
2909 6742
3583 3423
1760 3423
1862 3436
3319 3436
909 3440
3562 3440
1399 3562
3993 3446
5333 3448
572 3451
3867 3452
6298 3452
1858 3451
6494 3451
5634 3454
1137 5634
6349 5634
3486 5634
3979 3485
2851 3979
5479 3978
3113 3978
1491 3113
6131 3465
3439 3465
5076 3469
3546 3470
6588 3470
5405 3469
2985 3469
6674 2985
405 2985
5601 404
5503 5600
6943 5600
5059 6944
4755 6945
6343 6946
2725 6946
2914 6946
2209 6945
5155 3472
5124 3472
4884 3496
4351 3508
2724 4351
5844 3516
3684 5845
6292 5844
239 6292
4152 238
1308 238
5260 238
4596 238
1229 4597
5976 3518
6161 5976
6348 5976
6752 5976
3857 3521
5683 3522
6265 3523
4695 3524
4771 3524
2225 4771
5315 4772
2576 4773
585 4773
2058 3522
1256 3522
1943 3522
1546 3522
6981 3530
3608 6981
3845 3534
5534 3844
2132 3844
3722 3539
6706 3540
6417 3540
2285 6417
657 2285
3276 657
2922 3546
6394 3548
5278 6393
4490 6393
4142 6392
3795 6391
6916 6390
4097 6389
1077 4097
5247 4097
22 3550
4354 3550
730 3550
6278 730
2650 730
5098 3551
5904 3552
321 3552
2424 321
6190 320
6747 3564
5606 3565
1701 3565
490 3565
2692 3564
5397 3567
424 3567
4222 3570
4942 3572
6638 3572
6181 3572
3912 6182
1712 3912
3742 1712
5017 1712
6780 1712
6448 3578
5771 3579
4272 5772
740 5772
5544 3584
3237 3584
3658 3237
1390 3587
685 3587
6033 3602
1387 6034
3848 6035
3528 6035
4539 3604
4335 3610
6310 3611
523 3611
5447 3610
1316 5447
4956 3613
4875 4957
5370 4956
5573 3619
5765 5572
5595 5572
4567 5595
5802 3621
5243 3625
5825 3626
137 5826
1653 137
6798 136
6907 6798
1405 6798
6481 3634
1655 3639
4118 3639
4793 3642
5736 4794
1955 4793
311 4793
137 4793
3885 3648
3103 3885
5371 3885
4792 3653
2880 3653
5204 3654
4795 5205
4256 5204
3919 5203
3223 5203
5637 5203
2278 5203
4472 3662
6044 3662
4666 3664
167 3664
3172 167
1226 167
5430 3665
6676 3666
1601 3665
3943 3669
8 3671
5847 3671
3936 5848
1562 5847
4019 5847
3268 5847
4149 3672
6056 4150
2246 4150
5797 4150
3671 5797
5285 3674
1706 5285
1990 5285
6745 5285
4928 6744
1992 6744
4832 1992
4050 3679
1624 3679
1287 3681
4137 3682
6949 3682
2637 3682
6263 3683
821 3683
4252 3689
2317 4252
6029 4251
3867 6029
6547 3868
4696 6548
694 6548
248 6547
6534 249
6814 249
139 249
5590 249
5669 3691
5380 3692
3854 5379
1508 3854
5750 3694
6095 3695
6115 3696
2413 3696
5829 3696
2243 5829
363 5829
1792 3698
4913 3699
5535 3700
3795 3701
314 3702
5967 3702
4177 5968
1394 3698
6980 3698
1242 6979
4754 6979
4141 3703
2793 3703
3745 3704
88 3711
1029 3715
2526 3716
2787 3716
3823 3715
4454 3717
4477 3717
2522 3717
1527 2522
6859 1527
3796 3719
4530 3719
4897 3720
6134 3721
4300 3722
788 3721
4027 3719
2377 3719
4889 3723
5212 3723
5842 3724
4273 3724
4923 3724
4090 3726
6208 3726
360 6208
6747 361
3336 361
5811 3732
6080 5812
29 5812
4619 5812
330 5812
5178 330
4761 331
4453 4761
5661 4761
5062 5662
1494 5662
805 5661
4216 5661
4346 4216
4430 4215
6819 4430
2697 6819
5988 6819
712 6819
4863 713
4566 4864
2803 4566
3800 4566
4824 4565
6788 4565
5075 6789
2963 6789
6039 6789
6570 6790
3815 6791
3765 6792
3490 3765
5400 3490
6594 3733
6358 6594
6471 3735
5576 3735
958 3742
1363 957
2160 957
1565 957
4439 957
5770 957
3200 957
6454 3201
1003 6454
6099 6453
1764 6099
2313 6099
5232 3750
748 5232
4507 5232
4268 3766
3079 3766
6168 3769
5782 6167
1978 3779
5557 3779
4788 5556
6833 5556
5036 5555
3248 5555
4302 3780
5911 3780
1574 3783
4040 3783
3043 4040
5186 4039
5215 4039
5732 4039
2490 4039
5866 3784
2542 3784
5830 3784
4740 5831
5461 5831
4213 5831
1325 4212
1573 3796
1708 1574
6277 1709
4578 6277
4846 4579
5635 4579
2759 5635
4470 5635
4593 5635
952 3804
4770 952
4660 4769
5891 4768
827 5891
3575 5891
5157 3575
1147 3815
4699 3826
730 3826
4029 3830
4026 4030
1926 4026
683 4027
6336 3833
6673 3841
5186 3842
6848 3841
1440 3857
5787 3857
3830 3857
4172 3858
4757 3858
5014 3864
4099 3864
6209 3864
6769 3865
4123 3865
5500 4123
6340 5500
663 5500
3937 3870
609 3937
876 3938
1221 876
1265 876
133 876
6323 876
4327 6324
3153 6324
4617 3872
6291 3872
4102 6291
918 3878
4676 3881
4165 3881
6700 3881
5435 3883
1802 3883
1861 1802
315 3893
5887 3894
716 5887
5084 3901
3631 3901
6831 3631
793 6832
1356 6832
4246 6833
2921 6833
1073 3903
5886 3903
991 3917
416 3923
3454 3923
3378 3923
6522 3947
5742 6522
6911 3951
6795 3963
6766 3966
3354 6766
929 3354
6601 3967
3300 6601
5531 3974
5424 3974
4058 5425
1905 5425
2154 5424
6824 3999
771 6824
4230 4006
1923 4230
595 4230
2632 595
1859 4025
6969 4033
1276 4048
4330 4048
5831 4048
4057 4055
4508 4055
5833 4055
1984 4055
4347 1984
5195 1984
6154 4057
487 4058
6427 4058
4316 4058
5337 4057
6757 4057
6002 6757
5066 6003
6785 6004
3117 6004
4750 6004
3441 6003
6663 3441
3056 6664
3691 6663
4607 6663
5465 6663
5456 4063
2424 4081
6572 4084
3887 6572
4758 3887
5872 4088
6351 5871
6219 4091
6727 4091
5997 4104
4317 4104
5069 4317
572 5068
1745 5068
5718 4106
5305 4106
874 4107
2989 4107
2558 4106
6463 4116
6535 6463
5364 4135
5761 4137
6473 4143
3394 4143
5539 3394
1569 4145
777 4145
2523 4145
6821 4145
5912 4153
4178 5912
6577 5913
6869 5913
5317 5913
4735 5913
6000 4736
5270 5999
959 5999
96 4156
2772 96
5009 2772
2216 5008
1142 2216
525 4161
6171 524
5444 6171
810 5444
6066 4165
1052 4165
5094 4170
3861 4170
1644 4170
4658 4186
2207 4186
1140 4188
1182 4190
1939 4190
5644 4190
2595 5644
3070 5644
5621 4193
5166 4193
3852 4193
5863 4200
4289 4200
560 4200
5360 4200
1043 4200
1846 4200
4589 1846
1978 1846
4450 4202
1638 4450
6074 4204
2063 4209
5609 4228
1455 4228
675 1455
1297 4235
5524 4247
2590 4247
4874 4255
504 4255
6313 4256
5306 4255
6534 4259
3588 4259
5033 4260
879 5034
2797 5034
351 4261
2221 351
5309 4263
5869 4266
333 5868
2897 5868
1071 4268
915 4269
5576 4269
5267 4270
6383 4270
4888 6383
1695 4272
4496 4272
6559 4274
5319 4275
74 4275
527 4275
2047 4276
490 4284
3017 4284
4635 4284
5449 4286
2041 4311
4325 4311
5314 4311
1864 4312
5616 4313
2665 5616
4788 5617
561 4315
6551 4315
1923 4321
6332 4326
1937 4326
1061 4326
2795 4326
5439 4332
212 4332
4013 4332
4898 4333
1956 4335
430 4337
6161 4343
3686 4343
2815 4347
4675 4352
4354 4676
5709 4356
1042 5709
1839 5709
378 4361
660 4362
2767 4362
3435 4362
1056 4362
3630 4362
6998 4368
1032 4368
5604 1032
6310 4370
2807 4370
6879 4370
6829 4377
5399 4377
3555 4377
5569 4383
3688 4383
4751 3688
3073 4750
4508 4387
3362 4387
6018 4389
6019 4390
5477 4391
6470 4392
6727 4392
6736 4392
1255 6735
39 1255
4587 1256
5733 1256
1401 1256
778 1255
716 1255
5274 4393
6430 4393
5043 4393
6868 4393
6618 4396
270 4402
370 4403
1426 4403
133 1426
4741 4404
3352 4404
278 4409
4408 4409
2725 4410
5699 4425
5220 4425
5754 4426
395 4426
6377 4425
5320 4425
4481 5321
2627 5320
5558 5319
1385 5319
6077 1385
5094 4429
196 4429
1248 195
81 194
472 82
3667 81
6711 4435
4714 4435
2670 4435
2458 4435
902 2458
5667 4438
1681 5667
758 4453
1155 4454
4608 4455
3704 4454
58 4454
3840 4454
1454 4453
5594 4453
229 4453
3396 4453
4890 4469
3818 4469
3573 4469
2984 4470
508 4475
6800 508
1549 4477
6678 4478
1915 4478
5760 4478
6280 5760
6432 4479
4990 4479
1706 4480
2076 4481
5165 4482
461 4486
1615 4500
4297 4500
6553 4508
4911 4510
5367 4511
2183 4511
1686 4511
2585 4510
1758 4514
1248 4518
6154 4520
4687 4521
2283 4687
2606 4687
6118 2606
2633 2606
4861 4524
2652 4524
2227 4525
2184 4534
5934 4534
612 5935
1202 5935
5714 4546
1820 4546
438 4547
2085 4546
284 4558
1015 4559
3443 4559
5961 3443
2243 5962
1794 5962
4993 4563
5256 4563
5437 5256
5647 5256
5220 4571
1413 4571
3652 4571
4692 4575
6433 4576
1532 4576
2977 4577
6996 4577
5363 4577
4340 4576
5683 4581
2791 4581
3412 4587
1366 4587
3446 1366
143 4599
4021 4599
76 4599
1069 4599
6755 4608
967 6755
6536 4610
4873 6536
4996 6536
4855 6536
1218 4855
115 4619
5284 116
2526 4624
3460 4624
6869 3460
2026 3460
805 4629
3861 4647
3554 4647
5237 4647
1050 4651
3740 1050
976 1051
5752 1051
5699 1051
206 5700
4934 5700
770 5700
5998 5700
6226 5997
3969 5997
5986 3969
6695 4656
1488 4657
4189 4657
2203 4657
4319 2203
471 4671
1586 4671
5670 4681
6046 4681
5044 4685
190 5045
4408 5044
6197 5043
1890 5043
5439 4689
6931 4689
5577 4689
1533 4689
5918 4694
3118 4695
1519 4696
6657 4699
3426 4699
5039 4703
5900 4703
6146 5900
678 5900
576 677
6348 676
597 6348
6247 4711
5922 6247
1180 6246
2778 6246
3655 6246
6211 3655
799 4713
3449 799
3850 3449
920 3449
6603 3449
5939 4715
6878 4716
4869 4725
5110 4726
2204 4726
5588 4731
2029 4731
6377 4731
6923 4731
6828 6924
2020 6829
2416 6829
4178 4741
6084 4742
1924 4742
123 4742
3503 4742
77 4742
184 4771
1800 4771
6022 4778
6439 4784
5737 4784
2226 4784
5532 2226
6024 2225
1757 2225
5076 4791
6450 4792
213 6450
1220 6449
1921 6448
28 6448
6135 6448
6459 6136
6938 6459
6787 6938
6309 6787
4501 6787
6468 4795
5225 4796
145 4797
5452 145
4872 144
5551 144
6263 143
6217 6264
2600 6265
5078 6265
2310 5079
1500 5079
5375 5078
6121 4807
1103 4810
6457 4811
1145 4811
1383 1144
1559 1383
2602 4815
3896 2602
4263 2602
4874 2602
1954 4873
6301 4820
5167 4820
5254 4825
4725 4825
2573 4830
5637 4838
4824 5637
6235 4840
6116 6235
2559 6115
2478 6115
6933 2478
2453 4846
3678 4846
2595 4846
4990 4848
2261 4991
4935 4867
1347 4867
1534 4867
4078 4869
2718 4869
2970 4875
2285 4875
2829 2285
259 4879
1630 259
4757 1630
414 4886
6482 414
3102 4890
1557 4890
5985 4893
496 4893
972 4893
6859 972
5633 4907
5061 4907
1604 5061
6161 5062
6665 5062
2746 6665
6686 4908
6960 4909
2854 4909
4564 4908
666 4908
122 667
5460 122
1949 123
3897 123
3729 4911
4304 4911
1201 4913
6495 4916
6003 4916
4815 4916
4046 4916
1612 4919
774 4927
2395 774
6175 774
4548 774
3419 4548
1240 4934
1247 4935
404 4935
5463 4941
2292 4941
5132 4943
5016 4949
5270 5015
6192 4952
439 4952
2036 4952
5939 2037
539 2037
758 4953
1932 4953
1874 4953
111 4961
4613 4961
6096 4613
1833 4613
5189 4613
5695 4968
6436 4969
6400 4968
1232 4968
5242 4974
5773 5241
6525 5241
1173 5241
3504 1173
2055 4993
3927 2055
736 4995
1617 4996
6950 5035
1762 5035
1021 5036
6217 5036
6292 5035
1724 5039
4822 5039
4398 5039
6599 5046
473 5046
1766 472
8 5050
6231 5050
1106 5052
2363 5053
1856 2363
1359 5065
3835 5065
6526 5072
6120 5073
3966 6120
1300 5075
5085 5076
2250 5084
6261 5084
2050 5084
2319 2050
1853 2050
4300 1853
5750 5081
5714 5082
4523 5082
3232 5082
5252 5081
5892 5095
1613 5892
411 5893
73 5894
1968 5893
141 5893
2066 5893
3992 5893
5793 5893
694 5106
3884 5110
5990 5111
3997 5111
6531 5112
6255 5113
5266 5113
5304 5267
3956 5267
4834 5267
634 5267
6602 5267
5428 5129
5925 5130
2587 5130
4443 2587
2404 4443
6975 5144
823 5147
1616 5147
6238 1616
1344 1615
6038 5148
6818 6038
89 6038
3440 6038
2059 3440
5849 2058
4476 2058
6753 5186
6979 5212
6043 6979
6091 5214
6314 5214
2359 5215
6645 5214
2160 6646
2443 6646
3278 6646
1620 3278
1664 1620
3679 1620
1058 5225
1565 5235
6866 5236
2423 5236
2172 2423
964 2423
5546 5240
2993 5240
4723 5240
5927 5243
3517 5243
5942 5262
5114 5262
6371 5114
5714 6372
1149 5274
1773 5275
2114 5275
2846 2114
5461 5277
2121 5278
3182 5279
3723 5279
5933 5279
6972 5279
6950 6973
5701 6973
6241 5701
4911 5278
2267 4911
4411 4911
4021 5280
7000 5291
3635 7000
6495 6999
3304 6999
3609 6998
1376 3609
3059 1376
6921 5300
386 5301
2385 5301
2290 5301
4860 5304
4672 5304
5631 4672
995 5631
6233 5308
5840 5314
5446 5314
1073 5318
6015 1073
5766 5322
4466 5322
4749 5322
5822 5322
1968 5823
3023 5824
4317 3023
5045 3023
5488 5356
2959 5356
844 2960
6785 2961
6505 2961
5412 5361
3995 5361
837 5361
931 5367
5250 5367
2145 5367
4445 5367
5467 4445
4753 4445
4337 4753
386 4336
5265 4336
5568 5265
1500 5377
3744 5377
4505 3744
4162 4505
5732 5382
721 5732
5736 5391
3651 5737
1832 3651
2025 3651
715 5397
2528 5397
260 5397
5728 5397
6507 5399
1544 5399
5570 5415
387 5419
6166 5419
382 5428
6490 5429
1715 5428
3762 1715
3630 1715
1053 5439
5890 5439
6295 5452
1921 5463
1607 5471
36 5473
4678 5473
5287 5473
4854 5287
5678 5476
1162 5476
2447 5477
3138 5479
1342 3138
6684 3138
4400 3138
4147 3138
6498 4147
3176 6498
5875 5494
2041 5874
1591 5496
1782 5496
1414 5496
801 5496
6784 5498
1674 5498
3646 1674
6380 5503
1422 5503
917 5503
2760 5514
3959 5514
4145 3959
2448 5515
5684 5516
315 5517
3819 5516
5270 5516
3280 5270
3295 5524
6841 5524
3501 6841
6598 5529
1824 5531
5275 1824
4944 5275
854 5533
6375 853
1276 853
858 853
273 857
6041 5545
3594 5545
1900 5546
6677 5545
1855 5545
436 5545
5429 436
884 5547
1341 5547
5423 5547
2567 5547
4015 2567
1668 5548
5544 5548
6919 5558
5602 6920
5697 6920
4818 6921
362 6920
6087 5574
1190 5578
4225 5578
2852 5578
6484 5578
3859 6484
2133 6484
877 6484
1768 5588
5416 5588
1814 5416
4785 1814
6599 4785
2188 4785
6713 4785
5563 6713
2612 5563
1934 5594
4523 5599
2023 5599
315 2022
4592 315
2149 5606
2039 5606
2402 5607
6963 5607
198 5608
911 5608
4000 5609
4797 5609
6789 5608
1968 5619
4001 5621
5131 4001
432 4001
1098 4000
6352 5624
6675 5624
2560 6676
5066 6677
5585 6677
5095 6677
485 5627
1698 485
978 485
2411 485
2032 5629
6339 5648
1488 5649
5502 5649
6912 5649
769 6912
636 5651
644 636
6072 5664
6835 5666
2090 5666
2886 5669
4868 5669
407 5669
3848 5669
5904 5676
2601 5676
5212 5678
32 5681
6361 5681
6437 5681
5690 6438
302 6438
4417 6438
3215 6439
3908 6439
5814 3908
5722 5688
6966 5688
4843 5690
6849 5695
1510 5703
2916 5703
1404 5712
4087 1404
6269 1404
6809 5716
3418 5716
6703 5718
1267 5718
6549 5719
4178 5719
398 5721
54 5721
578 5721
1059 5721
6497 5723
6533 5723
348 5725
6084 5735
2082 6084
2069 6084
2851 5763
5539 2851
5917 5764
5945 5764
1014 5765
2417 5765
2495 5765
1898 2495
14 5769
6586 5770
1374 5773
3861 5774
4849 3861
4251 3861
303 4251
2125 5777
1018 5777
1513 5788
4583 5788
5906 5789
6653 5789
4571 6653
1108 5807
2738 5807
996 5807
1091 5807
1855 1092
2163 1855
411 2164
1538 2164
5150 2164
3535 2164
790 2164
1378 2164
2576 5810
188 5811
1221 5818
4365 5818
5892 5827
875 5892
816 5892
1346 5892
1848 5849
3605 1848
6327 1848
1156 6327
1122 5853
6344 5855
84 6345
6701 6345
6694 5856
4631 5856
4900 5856
1568 5862
1888 5863
603 1888
3204 1888
5680 3204
3817 5904
2428 5906
5906 5907
2446 5907
1943 5906
4327 1943
299 1943
2560 5909
3920 5909
1708 3920
726 3920
4698 3920
4466 5911
4292 5911
4840 5911
6883 5924
6329 5924
3695 5925
868 5925
2158 5925
6301 5926
1417 5924
2212 5933
499 5938
6578 5938
5099 5938
3611 5099
4309 5099
190 4310
4475 190
5063 190
6900 5942
218 5943
1274 5958
5713 5958
4541 5958
3631 4541
3983 3631
6630 5970
2112 6630
555 5981
2955 5985
28 6005
1163 28
4194 1163
4626 1162
3704 6007
802 3704
3588 6009
6095 6012
2628 6012
374 6012
3439 6012
6786 6017
390 6019
6258 6020
4229 6024
4725 4229
1767 4725
2620 6033
2120 6033
5320 2120
6648 2121
278 2121
6386 2120
2710 6387
866 6041
5865 6041
1361 6056
3787 1361
3484 6066
6517 6071
545 6071
3408 6080
6220 3408
333 3407
1375 3407
6804 3407
387 3407
589 6090
2271 6090
1075 6091
3738 6091
2265 6091
1977 6095
3929 6096
3487 6095
2613 6095
610 6101
368 6102
625 6103
5559 6103
1883 6103
235 6131
4580 6131
3101 6131
6273 6131
6500 6132
92 6133
1271 6137
1696 6146
2990 6146
5803 2990
1186 6148
6705 6157
1336 6157
650 6161
4094 650
681 6175
696 6184
6716 696
4783 6716
1883 6716
587 6716
4210 6716
504 6192
751 505
5878 505
6101 505
6739 6195
5989 6195
2684 6195
109 6195
34 110
3507 110
2975 110
6626 111
1416 6197
1963 6203
3048 6220
482 3048
2349 6226
2061 6226
5250 2062
1731 2062
6809 6240
4544 6240
6557 6240
2523 6240
286 6242
3279 286
550 6252
6395 6253
1090 6253
3168 1090
2805 3168
2415 6256
941 6261
492 6267
5369 6267
2690 6267
5491 2690
333 5492
5342 5492
3315 5342
1574 3315
1977 6278
1265 6278
22 6287
6828 6287
1024 6287
4720 1024
6663 1024
6781 6312
5771 6312
3680 6312
4405 6329
5038 6329
1993 6329
6558 6332
189 6332
2762 6332
3338 6343
778 6349
797 6352
2149 6359
1017 2150
2793 6368
4238 6368
1805 6373
1936 6373
1228 1936
1733 1228
2561 1733
6045 1733
2279 6045
6523 6375
6855 6376
3581 6377
1849 6377
1623 6377
1284 6378
723 6380
944 6395
6669 6396
722 6395
3011 6395
6501 6403
3267 6403
4307 6403
6549 6404
6768 6410
1752 6410
2116 6410
1573 6410
2914 6412
2945 6421
3097 6421
3346 6421
3111 3346
526 6427
6874 526
377 6432
4111 378
1422 378
884 379
5321 379
1643 6433
459 6440
4029 459
593 6457
2439 6474
2245 2438
222 2245
5264 2245
4984 2245
2255 6490
2597 6490
4781 6497
5916 6500
2531 6500
558 6501
6363 6501
1107 6503
990 1107
227 1106
4726 227
6950 6511
6357 6950
359 6514
603 360
3273 6517
3482 6517
5204 6517
178 6519
830 6519
819 6519
626 6525
4609 6525
1840 4609
79 6526
3738 6534
207 6541
6869 6542
1293 6869
160 6559
2583 6559
2962 2583
2738 6565
2980 6565
1094 6569
4933 6569
1063 6577
5894 6578
5422 6578
2787 6578
2430 6578
2453 2431
2091 6577
6831 6593
868 6832
6962 6606
4565 6606
6097 6606
6853 6615
1166 6616
5975 6616
4641 5975
748 6622
1657 6622
4400 6636
4417 6640
1792 6642
5156 6642
2774 6642
4614 6657
4870 6657
1725 6678
719 6680
5113 6680
4562 6684
6735 6684
3772 6686
4585 3772
1281 4585
2250 1282
6036 1282
4340 1281
986 6695
3833 6695
6427 3833
3453 3833
382 6696
199 6696
277 199
3363 199
6866 3364
1302 3364
697 3364
3104 6725
2647 3104
1335 6731
2014 6738
5386 6739
6458 6739
6143 6739
3413 6747
1608 6747
2526 6767
3217 6767
524 6767
722 6770
4773 6770
1008 6781
3768 6785
444 6814
2382 6814
4074 6814
6995 6817
3909 6817
331 6818
325 331
1341 6828
5777 1341
7 6834
6681 6834
1133 6834
3917 6835
4702 6834
266 6837
1461 6837
3750 6837
1977 3749
5209 1977
645 1977
147 6838
3636 6838
5898 6838
2255 6839
1589 6838
5891 1589
2778 5891
4658 5891
4292 6867
3485 4292
6681 6877
5056 6900
1223 5056
3481 5056
514 5056
4940 5056
838 6902
4960 6902
1363 6905
642 6905
5442 642
1438 6907
3781 6907
6076 3781
1720 6910
4848 1720
407 6916
2785 6948
3939 6948
588 6948
2868 589
4906 6960
1359 6961
6719 6960
3489 6719
2201 6964
1443 6964
888 6978
4471 6978
3727 6995
4119 6996
3475 6995
1123 3475
830 6998
521 4
222 17
3333 17
1029 3332
2403 22
970 2402
4344 2402
3503 26
4302 26
1477 33
4385 36
2686 4385
340 39
1653 41
1778 68
5874 1778
5137 5874
1266 5137
4957 84
4389 84
614 100
5054 100
1497 100
813 1498
532 113
1111 119
4317 1112
2184 120
3965 141
4067 141
5723 141
1837 141
5671 147
999 147
3860 147
2685 3860
383 157
5796 382
4330 5796
6676 5796
518 6676
2113 6676
2083 2113
5291 2082
4465 160
5434 4465
5766 178
2039 178
1648 2039
3805 189
4523 197
695 204
1488 205
3298 212
4110 3298
6024 222
6675 222
987 223
10 223
2013 10
1750 2013
4397 229
5134 229
3609 5134
4957 3610
1609 231
976 232
4876 235
2160 237
4017 237
4330 4017
4559 4330
2945 4559
4567 2945
2551 257
1062 2551
2000 2550
5583 266
3003 266
852 277
3431 284
5756 284
4225 296
6355 296
2677 296
6982 2677
561 308
2274 560
3421 560
2722 3421
1065 2722
2777 310
4603 310
6458 327
690 327
2231 327
3017 344
5222 344
986 349
5426 349
6736 5426
1649 5426
601 374
718 384
4828 398
3754 398
1899 398
5423 400
2818 5422
3762 413
873 420
4717 420
5869 420
4480 5869
1428 4480
1909 4480
2251 444
1287 446
981 1287
2455 980
4622 2455
1411 466
2177 466
5580 2177
3659 499
2124 499
1242 499
223 1242
3475 1242
499 3475
2052 499
6101 514
3487 519
1929 540
2576 542
1634 2576
3215 547
606 547
1168 547
5464 1168
3232 549
6361 549
3709 558
2748 3709
1591 562
5687 1591
2183 564
5100 2183
1583 5100
5750 606
1802 606
2432 610
97 610
1676 614
1419 625
4064 625
1821 625
702 1821
3265 660
1331 695
1411 700
3845 1411
2903 715
947 722
6367 722
3494 6367
2413 725
4713 725
5405 748
6414 5405
1708 749
6335 749
1217 749
5156 1216
2631 1216
4806 2631
4716 2631
2803 4717
1063 794
1934 1062
5766 797
1698 807
6863 807
6872 6863
1448 823
1806 825
3142 827
3115 827
2297 838
4425 866
5658 884
4868 892
1272 892
1137 909
491 909
5591 909
3763 909
1149 925
1103 954
1356 954
3994 978
1276 984
4610 986
998 987
490 998
4748 999
4281 996
1798 996
1967 1014
1129 1967
2982 1967
1208 1021
1990 1039
3498 1043
4405 1044
3714 1044
2491 1044
491 1044
6247 1044
5007 1044
1813 1086
5956 1086
4495 1129
6530 1133
3202 6530
1438 3203
2119 1137
4250 2119
1646 1155
3166 1155
2777 1161
2277 2777
5233 1166
560 1166
2998 1170
2241 1180
2438 1180
5698 2438
3162 1182
5845 3162
3223 1195
3046 1274
6259 3046
2308 1300
3018 1308
1146 1308
3232 1319
6094 3232
5395 1363
4279 5395
6671 4279
1716 1375
5989 1382
4299 1382
2980 4299
2133 1398
2792 2133
3578 1413
4214 1413
6741 1419
2014 6741
2098 1423
5839 1423
5087 1423
2560 1423
4450 1423
2778 4450
2369 1428
3586 1440
6525 3586
6047 6525
1582 6047
2239 1454
6924 2239
3681 1500
4188 1500
3423 4188
3740 4188
4967 1510
231 4967
3169 231
4125 1532
1481 1532
2859 1481
2284 2859
3771 1538
574 1538
6971 574
1949 1596
2592 1596
6846 2592
4447 1646
1503 4447
3909 1660
4926 3909
2763 4926
2831 1664
2767 1665
3350 1696
1830 3350
5315 1830
4642 1698
3391 1701
2898 3391
2350 3391
2078 1703
583 2078
2738 1714
4394 1762
2499 1764
3992 2500
2702 3992
4611 1782
3230 1792
1542 3230
1141 1542
2670 1801
5294 2670
6204 2670
466 2670
5918 1805
5882 5918
3550 5918
2657 1813
3219 1926
4312 2020
318 2020
3450 2020
6865 2020
2547 2029
1349 2029
2448 2043
2273 2043
3581 2043
700 2043
3917 2093
2788 2098
2549 2098
2409 2098
817 2409
1654 2409
104 1654
2450 2103
3652 2450
2651 2108
1108 2651
3252 1108
1015 1108
6132 1108
2253 1108
6568 2124
3668 2124
3007 2124
5153 2124
2481 5153
4822 2185
3691 2187
6612 3691
2801 2188
3729 2192
5129 2192
4994 5129
4416 4994
4104 4416
2018 4416
5338 2018
3142 2232
389 2232
6551 2241
5559 2271
6570 2271
6793 2274
5713 2289
4767 2289
4628 2310
4248 2382
3940 2417
4218 2417
4562 2425
2600 2428
6715 2600
5216 2432
3076 2432
423 3076
3481 2435
4756 2443
948 2443
5816 2443
2830 2446
411 2830
4601 2448
447 2491
5294 2512
4705 2547
6428 4705
6115 4705
1420 6115
6611 6115
1602 2549
323 2549
6308 2549
3376 6308
5989 2570
4678 2589
3117 2617
3707 3118
5139 2620
6112 2620
1253 2620
4366 2628
2714 2659
2385 2659
6100 2385
4749 2691
2436 4749
2698 2694
6200 2785
4823 6200
6573 6200
5726 2788
3314 2788
6111 3314
1776 3314
3729 2793
5331 2793
5947 5331
3357 2852
3134 3357
4131 2854
2125 2854
1301 2854
4498 1301
1334 2898
1124 2898
5591 2912
6247 2934
833 6247
4527 2977
6811 4527
4461 6811
5203 2993
3595 5203
6746 3595
3331 3018
4171 3018
6568 3088
4467 3088
6059 3101
2306 3101
5921 3217
6262 5921
5067 3267
1831 3267
4496 1831
5320 3322
3525 3431
3242 3525
5559 3463
5107 3503
4262 3573
5527 4262
4003 4263
4040 3578
1900 3578
5175 3594
6927 3594
3610 3594
4911 3605
2651 3605
5071 3635
4797 3696
5105 3714
2979 3714
2894 3714
4383 3714
5136 3714
4333 3729
5739 3729
5223 3729
6335 3800
4399 6335
4067 3869
3277 3869
5705 3940
3170 5705
3664 5705
4564 3986
120 3986
4905 3995
6366 4906
2642 4906
5019 4906
3669 4906
4834 4045
4844 4064
1593 4104
5790 4131
4363 4225
825 4363
4804 4363
5209 4257
5067 4303
5898 4375
6953 5898
952 5898
5399 4397
1931 4397
6596 4405
2384 4405
52 4405
4416 4405
5087 4458
5724 4458
6283 5724
4818 4618
5118 4618
4783 4655
5916 4763
5754 5916
328 4806
2177 4818
6304 4823
5404 4868
6036 4973
2105 4973
432 2105
5216 5038
3529 5216
5156 5047
5399 5087
1441 5175
2979 5310
5390 2979
3110 2979
491 5370
5781 5390
6830 5781
5726 5632
5492 5632
3499 5632
341 5726
3379 341
6972 3379
1021 5739
6239 5839
1815 5839
223 5941
569 6036
1586 569
2244 6111
1739 6239
6225 6239
6109 6239
6542 6366
6441 6428
4159 6428
4895 6441
5451 6441
154 6568
3700 6568
2482 6596
6572 6596
855 6596
1958 855
150 855
6572 6768
1408 6768
2338 1408
6686 1408
397 6953
817 710
2229 1602
3170 1739
2642 2123
5867 2642
2937 2338
3414 2384
6572 2688
